------Prediction-------
[[0.003 0.001 0.001 0.001 0.002 0.001 0.015 0.001 0.003 0.    0.003 0.003
  0.001 0.    0.001 0.001 0.005 0.134 0.002 0.033 0.002 0.    0.005 0.001
  0.017 0.009 0.001 0.009 0.006 0.002 0.003 0.    0.055 0.004 0.    0.002
  0.002 0.003 0.005 0.008 0.007 0.    0.001 0.    0.004 0.01  0.022 0.006
  0.005 0.004 0.01  0.007 0.007 0.001 0.133 0.003 0.001 0.    0.    0.006
  0.    0.003 0.    0.003 0.001 0.001 0.008 0.015 0.001 0.001 0.002 0.007
  0.007 0.001 0.003 0.001 0.003 0.002 0.001 0.001 0.001 0.003 0.003 0.
  0.001 0.002 0.002 0.001 0.001 0.001 0.002 0.    0.007 0.005 0.001 0.004
  0.146 0.009 0.004 0.002 0.002 0.006 0.049 0.001 0.024 0.033 0.032 0.026
  0.088 0.002 0.004 0.029 0.005 0.034 0.001 0.023 0.01  0.007 0.015 0.103
  0.02  0.032 0.009 0.018 0.011 0.017 0.004 0.15  0.028 0.012 0.082 0.009
  0.008 0.047 0.045 0.028 0.03  0.018 0.033 0.011 0.009 0.002 0.004 0.008
  0.007 0.008 0.011 0.011 0.026 0.    0.003 0.107 0.007 0.003 0.006 0.005
  0.003 0.003 0.078 0.031 0.017 0.009 0.008 0.008 0.003 0.003 0.007 0.033
  0.162 0.005 0.06  0.172 0.047 0.007 0.001 0.124 0.059 0.003 0.037 0.033
  0.025 0.012 0.034 0.036 0.017 0.023 0.012 0.002 0.035 0.017 0.025 0.131
  0.007 0.024 0.008 0.005 0.008 0.008 0.014 0.012 0.01  0.001 0.006 0.002
  0.    0.    0.    0.001 0.    0.003 0.002 0.    0.015 0.    0.014 0.01
  0.001 0.003 0.013 0.012 0.021 0.001 0.    0.002 0.    0.017 0.003 0.002
  0.001 0.001 0.    0.002 0.002 0.001 0.016 0.004 0.002 0.003 0.002 0.001
  0.004 0.007 0.001 0.009 0.029 0.002 0.002 0.    0.001 0.007 0.001 0.001
  0.006 0.004 0.    0.03  0.009 0.003 0.002 0.084 0.001 0.002 0.002 0.
  0.002 0.001 0.003 0.001 0.032 0.004 0.002 0.002 0.002 0.008 0.001 0.001
  0.    0.005 0.    0.002 0.009 0.002 0.002 0.017 0.003 0.012 0.028 0.001
  0.001 0.004 0.003 0.    0.003 0.002 0.001 0.002 0.007 0.    0.001 0.003
  0.    0.047 0.013 0.004 0.    0.    0.001 0.01  0.    0.02  0.    0.
  0.    0.013 0.009 0.001 0.006 0.02  0.011 0.01  0.002 0.006 0.004 0.012
  0.017 0.008 0.    0.002 0.009 0.    0.    0.001 0.001 0.001 0.001 0.
  0.    0.    0.001 0.    0.003 0.    0.    0.    0.    0.01  0.005 0.
  0.    0.    0.    0.    0.    0.001 0.    0.    0.01  0.005 0.    0.002
  0.    0.001 0.    0.    0.    0.    0.001 0.    0.    0.    0.    0.001
  0.    0.    0.    0.    0.006 0.    0.    0.    0.    0.    0.    0.
  0.001 0.    0.    0.002 0.    0.006 0.    0.002 0.001 0.003 0.    0.001
  0.001 0.001 0.    0.    0.042 0.012 0.046 0.083 0.107 0.07  0.055 0.021
  0.02  0.037 0.028 0.106 0.096 0.009 0.084 0.057 0.004 0.035 0.153 0.035
  0.111 0.084 0.043 0.104 0.07  0.14  0.027 0.089 0.124 0.113 0.173 0.118
  0.036 0.079 0.108 0.024 0.064 0.121 0.044 0.122 0.128 0.263 0.043 0.087
  0.057 0.046 0.095 0.231 0.134 0.125 0.073 0.073 0.123 0.033 0.085 0.004
  0.053 0.112 0.085 0.1   0.021 0.109 0.02  0.041 0.093 0.013 0.122 0.149
  0.026 0.063 0.075 0.088 0.108 0.175 0.215 0.026 0.039 0.114 0.108 0.211
  0.027 0.09  0.104 0.049 0.075 0.005 0.057 0.045 0.102 0.039 0.112 0.061
  0.104 0.057 0.039 0.101 0.084 0.05  0.083 0.132 0.012 0.003 0.002 0.001
  0.041 0.002 0.001 0.011 0.004 0.005 0.005 0.002 0.002 0.002 0.    0.001
  0.    0.001 0.003 0.003 0.003 0.    0.002 0.005 0.    0.027 0.    0.006
  0.001 0.002 0.001 0.009 0.001 0.003 0.003 0.001 0.002 0.002 0.003 0.001
  0.    0.009 0.001 0.    0.002 0.005 0.003 0.    0.    0.001 0.006 0.001
  0.006 0.001 0.    0.009 0.001 0.    0.002 0.001 0.    0.001 0.    0.001
  0.    0.001 0.    0.001 0.003 0.002 0.006 0.003 0.002 0.    0.005 0.001
  0.001 0.002 0.002 0.007 0.004 0.004 0.001 0.002 0.002 0.002 0.002 0.
  0.001 0.002 0.001 0.001 0.014 0.002 0.004 0.001 0.006 0.021 0.025 0.002
  0.064 0.065 0.045 0.071 0.036 0.171 0.044 0.063 0.063 0.144 0.065 0.079
  0.047 0.075 0.14  0.09  0.136 0.071 0.045 0.112 0.044 0.05  0.045 0.018
  0.08  0.048 0.075 0.162 0.145 0.151 0.098 0.088 0.154 0.098 0.084 0.219
  0.092 0.073 0.052 0.061 0.113 0.165 0.129 0.143 0.148 0.128 0.153 0.154
  0.18  0.148 0.135 0.173 0.15  0.184 0.174 0.192 0.152 0.099 0.124 0.051
  0.09  0.182 0.09  0.207 0.061 0.08  0.079 0.143 0.152 0.092 0.055 0.073
  0.036 0.115 0.189 0.107 0.085 0.124 0.18  0.143 0.001 0.11  0.115 0.031
  0.088 0.054 0.098 0.045 0.004 0.199 0.156 0.024 0.203 0.033 0.039 0.099
  0.054 0.265 0.098 0.126 0.017 0.005 0.021 0.041 0.001 0.034 0.008 0.002
  0.031 0.023 0.001 0.016 0.071 0.002 0.008 0.039 0.003 0.001 0.041 0.013
  0.002 0.002 0.    0.008 0.002 0.023 0.001 0.041 0.003 0.002 0.007 0.003
  0.002 0.071 0.018 0.005 0.001 0.003 0.003 0.    0.079 0.017 0.007 0.026
  0.011 0.003 0.002 0.    0.002 0.002 0.005 0.001 0.006 0.005 0.009 0.008
  0.032 0.011 0.006 0.03  0.007 0.004 0.002 0.035 0.006 0.004 0.007 0.004
  0.005 0.013 0.001 0.008 0.003 0.006 0.011 0.019 0.012 0.009 0.007 0.001
  0.002 0.022 0.02  0.003 0.004 0.002 0.001 0.001 0.004 0.025 0.006 0.008
  0.036 0.028 0.002 0.054 0.052 0.016 0.043 0.039 0.012 0.021 0.011 0.013
  0.011 0.026 0.014 0.012 0.012 0.024 0.013 0.024 0.017 0.017 0.01  0.014
  0.009 0.016 0.015 0.021 0.014 0.02  0.008 0.025 0.028 0.04  0.034 0.023
  0.02  0.019 0.028 0.027 0.024 0.022 0.044 0.011 0.027 0.026 0.038 0.039
  0.025 0.031 0.02  0.03  0.011 0.041 0.02  0.022 0.027 0.016 0.032 0.031
  0.019 0.018 0.018 0.041 0.026 0.029 0.014 0.024 0.032 0.029 0.006 0.023
  0.019 0.015 0.021 0.011 0.022 0.011 0.017 0.012 0.012 0.016 0.033 0.006
  0.01  0.012 0.014 0.029 0.028 0.015 0.012 0.011 0.014 0.012 0.016 0.027
  0.042 0.016 0.012 0.024 0.01  0.012 0.106 0.009 0.008 0.008 0.011 0.012
  0.158 0.232 0.14  0.175 0.169 0.036 0.071 0.261 0.092 0.04  0.216 0.139
  0.154 0.209 0.112 0.047 0.081 0.247 0.058 0.239 0.175 0.23  0.172 0.222
  0.205 0.173 0.229 0.212 0.243 0.112 0.235 0.095 0.196 0.137 0.233 0.201
  0.119 0.125 0.103 0.115 0.184 0.08  0.121 0.107 0.175 0.126 0.024 0.178
  0.164 0.153 0.131 0.1   0.126 0.178 0.062 0.219 0.167 0.126 0.165 0.171
  0.107 0.121 0.218 0.15  0.154 0.062 0.229 0.016 0.037 0.241 0.13  0.123
  0.189 0.018 0.163 0.123 0.12  0.168 0.118 0.091 0.138 0.173 0.247 0.184
  0.159 0.199 0.218 0.109 0.067 0.103 0.185 0.175 0.039 0.026 0.232 0.211
  0.194 0.181 0.105 0.123 0.045]
 [0.009 0.001 0.003 0.002 0.003 0.003 0.105 0.005 0.01  0.009 0.003 0.001
  0.032 0.003 0.009 0.003 0.008 0.    0.    0.    0.026 0.001 0.003 0.
  0.004 0.002 0.016 0.001 0.    0.008 0.005 0.005 0.001 0.001 0.002 0.004
  0.01  0.004 0.001 0.001 0.022 0.001 0.004 0.001 0.01  0.004 0.001 0.005
  0.027 0.023 0.003 0.146 0.001 0.002 0.    0.002 0.013 0.009 0.006 0.066
  0.003 0.003 0.001 0.005 0.014 0.002 0.003 0.007 0.027 0.    0.001 0.002
  0.001 0.001 0.018 0.001 0.001 0.002 0.002 0.003 0.004 0.006 0.003 0.001
  0.003 0.001 0.001 0.002 0.001 0.001 0.009 0.001 0.145 0.01  0.011 0.018
  0.    0.017 0.006 0.006 0.001 0.    0.    0.001 0.005 0.009 0.002 0.013
  0.    0.    0.002 0.002 0.    0.    0.    0.    0.006 0.005 0.    0.
  0.    0.    0.001 0.    0.    0.    0.    0.    0.002 0.    0.    0.006
  0.001 0.004 0.    0.001 0.002 0.    0.002 0.003 0.    0.    0.007 0.001
  0.    0.    0.    0.003 0.001 0.    0.002 0.    0.004 0.    0.001 0.009
  0.001 0.    0.    0.011 0.019 0.018 0.    0.008 0.001 0.013 0.    0.048
  0.    0.    0.001 0.    0.002 0.001 0.    0.    0.    0.001 0.    0.024
  0.    0.001 0.    0.002 0.002 0.002 0.017 0.    0.02  0.001 0.055 0.
  0.001 0.001 0.002 0.    0.    0.005 0.001 0.025 0.001 0.008 0.006 0.012
  0.001 0.002 0.005 0.012 0.001 0.001 0.032 0.002 0.01  0.001 0.006 0.
  0.001 0.001 0.038 0.001 0.006 0.004 0.003 0.    0.002 0.001 0.002 0.
  0.016 0.    0.002 0.001 0.003 0.056 0.038 0.034 0.003 0.003 0.016 0.004
  0.012 0.095 0.01  0.006 0.121 0.009 0.02  0.001 0.008 0.01  0.005 0.001
  0.019 0.004 0.007 0.011 0.003 0.002 0.044 0.004 0.002 0.018 0.001 0.004
  0.013 0.002 0.004 0.002 0.006 0.002 0.001 0.025 0.019 0.037 0.004 0.002
  0.002 0.011 0.002 0.004 0.001 0.01  0.035 0.002 0.002 0.022 0.029 0.013
  0.003 0.037 0.002 0.001 0.048 0.001 0.019 0.001 0.151 0.019 0.008 0.086
  0.    0.024 0.002 0.001 0.    0.    0.    0.015 0.    0.001 0.    0.
  0.    0.002 0.005 0.    0.005 0.012 0.003 0.001 0.001 0.    0.001 0.001
  0.048 0.001 0.    0.    0.003 0.    0.    0.001 0.    0.    0.    0.
  0.    0.    0.001 0.    0.    0.001 0.    0.    0.    0.014 0.003 0.
  0.    0.    0.    0.    0.    0.001 0.    0.    0.002 0.    0.    0.004
  0.002 0.002 0.    0.    0.    0.    0.    0.    0.    0.    0.    0.003
  0.001 0.001 0.001 0.    0.011 0.    0.    0.    0.    0.    0.003 0.
  0.    0.    0.    0.    0.    0.    0.001 0.004 0.    0.004 0.    0.
  0.    0.    0.    0.    0.    0.    0.    0.    0.001 0.006 0.    0.
  0.002 0.001 0.    0.    0.    0.    0.002 0.    0.    0.    0.    0.
  0.    0.    0.    0.    0.001 0.001 0.001 0.    0.    0.    0.002 0.
  0.    0.    0.    0.    0.    0.    0.    0.    0.    0.    0.    0.003
  0.    0.    0.001 0.001 0.    0.    0.001 0.001 0.    0.001 0.    0.
  0.001 0.003 0.    0.004 0.    0.    0.005 0.    0.    0.    0.009 0.
  0.    0.    0.    0.006 0.    0.    0.001 0.    0.    0.038 0.023 0.
  0.    0.008 0.01  0.    0.    0.    0.001 0.002 0.    0.001 0.    0.
  0.004 0.    0.046 0.008 0.067 0.001 0.    0.    0.002 0.    0.009 0.002
  0.016 0.002 0.002 0.01  0.027 0.029 0.011 0.015 0.024 0.003 0.002 0.003
  0.001 0.    0.    0.    0.01  0.001 0.002 0.    0.    0.    0.001 0.013
  0.01  0.003 0.001 0.003 0.001 0.003 0.005 0.    0.001 0.001 0.004 0.001
  0.002 0.003 0.    0.001 0.009 0.001 0.008 0.009 0.    0.    0.001 0.002
  0.002 0.001 0.001 0.002 0.    0.    0.    0.    0.    0.    0.    0.
  0.    0.    0.    0.    0.001 0.    0.019 0.    0.012 0.    0.001 0.
  0.    0.028 0.008 0.001 0.002 0.003 0.004 0.003 0.    0.001 0.004 0.001
  0.001 0.    0.006 0.    0.009 0.002 0.004 0.001 0.    0.    0.    0.001
  0.001 0.002 0.002 0.001 0.176 0.003 0.002 0.002 0.005 0.    0.001 0.
  0.011 0.    0.003 0.    0.    0.    0.    0.    0.    0.    0.04  0.008
  0.001 0.    0.    0.002 0.001 0.    0.    0.    0.    0.    0.001 0.
  0.    0.    0.    0.    0.    0.    0.    0.    0.003 0.    0.    0.
  0.    0.    0.    0.    0.001 0.001 0.    0.    0.    0.    0.    0.
  0.    0.001 0.    0.    0.    0.    0.025 0.    0.    0.    0.    0.
  0.057 0.    0.    0.    0.    0.    0.    0.    0.006 0.    0.    0.
  0.    0.    0.    0.    0.002 0.    0.    0.    0.    0.    0.    0.
  0.003 0.    0.    0.    0.003 0.027 0.    0.002 0.    0.005 0.001 0.001
  0.029 0.026 0.    0.036 0.002 0.    0.    0.    0.003 0.001 0.009 0.005
  0.    0.001 0.    0.001 0.    0.016 0.001 0.    0.001 0.002 0.002 0.001
  0.003 0.001 0.002 0.003 0.    0.001 0.001 0.    0.003 0.006 0.003 0.004
  0.003 0.    0.006 0.006 0.    0.002 0.001 0.002 0.001 0.002 0.009 0.027
  0.023 0.019 0.001 0.009 0.003 0.012 0.002 0.018 0.009 0.009 0.008 0.001
  0.001 0.007 0.    0.003 0.002 0.003 0.002 0.02  0.004 0.001 0.002 0.
  0.002 0.005 0.015 0.001 0.036 0.    0.    0.002 0.002 0.001 0.001 0.035
  0.002 0.004 0.003 0.009 0.019 0.001 0.002 0.001 0.272 0.239 0.137 0.057
  0.001 0.213 0.291 0.317 0.301 0.138 0.292 0.225 0.272 0.274 0.305 0.278
  0.001 0.293 0.278 0.269 0.294 0.279 0.289 0.101 0.093 0.099 0.091 0.114
  0.217 0.093 0.082 0.085 0.218 0.101 0.068 0.311 0.053 0.097 0.098 0.078
  0.206 0.098 0.262 0.133 0.286 0.11  0.075 0.222 0.134 0.167 0.121 0.122
  0.192 0.244 0.248 0.117 0.062 0.16  0.258 0.117 0.107 0.158 0.321 0.115
  0.292 0.183 0.199 0.299 0.247 0.294 0.109 0.18  0.3   0.152 0.135 0.136
  0.098 0.27  0.237 0.034 0.144 0.269 0.107 0.298 0.233 0.31  0.27  0.149
  0.051 0.236 0.308 0.253 0.332 0.307 0.008 0.29  0.307 0.153 0.29  0.286
  0.    0.    0.    0.001 0.    0.001 0.    0.    0.    0.    0.    0.
  0.    0.    0.    0.    0.002 0.    0.001 0.    0.    0.    0.    0.
  0.    0.    0.    0.    0.    0.    0.    0.    0.    0.    0.    0.
  0.    0.    0.    0.    0.    0.    0.    0.    0.    0.    0.    0.
  0.    0.    0.001 0.    0.    0.    0.002 0.    0.    0.    0.    0.
  0.    0.    0.    0.    0.    0.006 0.    0.008 0.001 0.    0.    0.
  0.    0.001 0.    0.    0.    0.    0.    0.    0.    0.001 0.    0.
  0.    0.    0.    0.    0.    0.005 0.    0.    0.001 0.004 0.    0.
  0.    0.    0.    0.    0.036]
 [0.025 0.043 0.007 0.02  0.021 0.009 0.031 0.012 0.026 0.025 0.039 0.005
  0.009 0.011 0.021 0.008 0.012 0.017 0.005 0.05  0.035 0.016 0.003 0.041
  0.002 0.001 0.007 0.007 0.011 0.014 0.028 0.021 0.03  0.017 0.011 0.008
  0.003 0.003 0.058 0.008 0.001 0.008 0.012 0.001 0.025 0.015 0.135 0.008
  0.005 0.007 0.001 0.05  0.054 0.008 0.022 0.047 0.021 0.015 0.015 0.016
  0.013 0.04  0.012 0.033 0.026 0.043 0.035 0.007 0.025 0.007 0.026 0.039
  0.034 0.016 0.01  0.013 0.02  0.018 0.013 0.003 0.007 0.014 0.049 0.011
  0.024 0.016 0.068 0.027 0.037 0.192 0.019 0.004 0.013 0.01  0.019 0.06
  0.003 0.012 0.007 0.012 0.001 0.002 0.002 0.001 0.005 0.028 0.027 0.026
  0.001 0.    0.003 0.042 0.001 0.036 0.    0.001 0.004 0.004 0.006 0.
  0.002 0.    0.008 0.001 0.007 0.    0.002 0.004 0.016 0.002 0.008 0.001
  0.001 0.018 0.008 0.002 0.021 0.001 0.044 0.005 0.001 0.    0.003 0.018
  0.002 0.    0.013 0.01  0.019 0.    0.002 0.085 0.003 0.    0.001 0.017
  0.002 0.002 0.003 0.015 0.005 0.002 0.005 0.009 0.001 0.008 0.    0.058
  0.006 0.001 0.005 0.005 0.029 0.001 0.    0.02  0.004 0.002 0.001 0.011
  0.001 0.001 0.002 0.017 0.003 0.023 0.002 0.001 0.025 0.012 0.043 0.013
  0.006 0.042 0.005 0.001 0.02  0.007 0.003 0.019 0.001 0.001 0.003 0.002
  0.007 0.    0.001 0.002 0.    0.    0.011 0.    0.033 0.    0.077 0.
  0.001 0.002 0.017 0.001 0.01  0.004 0.    0.    0.001 0.001 0.001 0.
  0.002 0.    0.001 0.    0.001 0.009 0.008 0.002 0.003 0.001 0.017 0.001
  0.002 0.034 0.018 0.11  0.125 0.375 0.021 0.    0.001 0.03  0.001 0.
  0.028 0.002 0.002 0.006 0.001 0.605 0.014 0.023 0.002 0.065 0.    0.002
  0.008 0.022 0.002 0.002 0.379 0.029 0.    0.065 0.003 0.086 0.001 0.001
  0.001 0.002 0.    0.001 0.002 0.004 0.13  0.001 0.001 0.057 0.071 0.004
  0.004 0.093 0.    0.001 0.07  0.    0.003 0.09  0.019 0.001 0.013 0.032
  0.004 0.01  0.005 0.018 0.013 0.005 0.011 0.025 0.019 0.213 0.019 0.013
  0.004 0.029 0.044 0.008 0.009 0.038 0.027 0.025 0.113 0.06  0.015 0.008
  0.079 0.055 0.005 0.007 0.558 0.003 0.009 0.024 0.006 0.009 0.022 0.006
  0.005 0.006 0.008 0.004 0.001 0.008 0.005 0.007 0.003 0.05  0.014 0.004
  0.007 0.008 0.003 0.004 0.016 0.014 0.009 0.005 0.067 0.004 0.017 0.016
  0.047 0.019 0.005 0.004 0.013 0.025 0.013 0.026 0.011 0.016 0.007 0.018
  0.022 0.017 0.006 0.015 0.046 0.006 0.003 0.004 0.012 0.008 0.199 0.004
  0.023 0.005 0.007 0.086 0.011 0.043 0.02  0.023 0.008 0.106 0.007 0.026
  0.106 0.021 0.008 0.054 0.011 0.006 0.006 0.008 0.02  0.041 0.002 0.012
  0.049 0.026 0.004 0.002 0.005 0.01  0.004 0.021 0.016 0.059 0.015 0.018
  0.001 0.003 0.001 0.019 0.066 0.005 0.035 0.003 0.005 0.007 0.003 0.004
  0.002 0.001 0.001 0.001 0.    0.007 0.    0.007 0.001 0.004 0.002 0.008
  0.007 0.004 0.014 0.007 0.    0.001 0.001 0.01  0.001 0.072 0.002 0.012
  0.008 0.012 0.001 0.013 0.002 0.001 0.055 0.002 0.    0.008 0.09  0.001
  0.017 0.009 0.005 0.09  0.003 0.001 0.011 0.006 0.001 0.088 0.025 0.002
  0.018 0.04  0.033 0.001 0.003 0.032 0.031 0.016 0.008 0.069 0.005 0.001
  0.008 0.002 0.069 0.013 0.118 0.107 0.008 0.005 0.014 0.074 0.068 0.038
  0.012 0.114 0.108 0.04  0.053 0.021 0.049 0.059 0.034 0.059 0.056 0.037
  0.093 0.135 0.062 0.107 0.173 0.031 0.337 0.109 0.026 0.011 0.126 0.058
  0.065 0.04  0.115 0.065 0.155 0.163 0.139 0.015 0.02  0.09  0.042 0.225
  0.098 0.117 0.153 0.008 0.059 0.036 0.02  0.028 0.047 0.206 0.005 0.023
  0.047 0.094 0.158 0.049 0.016 0.121 0.03  0.094 0.063 0.057 0.011 0.037
  0.132 0.061 0.283 0.142 0.193 0.034 0.077 0.088 0.037 0.11  0.087 0.103
  0.021 0.062 0.114 0.131 0.028 0.099 0.064 0.076 0.054 0.014 0.061 0.173
  0.158 0.019 0.097 0.171 0.101 0.1   0.079 0.022 0.08  0.071 0.022 0.075
  0.152 0.382 0.398 0.32  0.087 0.069 0.381 0.386 0.314 0.005 0.216 0.017
  0.452 0.023 0.114 0.016 0.027 0.049 0.032 0.035 0.019 0.137 0.051 0.146
  0.057 0.071 0.056 0.024 0.053 0.11  0.106 0.07  0.007 0.026 0.197 0.061
  0.034 0.004 0.05  0.054 0.04  0.008 0.05  0.023 0.102 0.016 0.009 0.009
  0.003 0.024 0.05  0.004 0.029 0.03  0.004 0.01  0.043 0.062 0.031 0.093
  0.068 0.008 0.087 0.022 0.231 0.048 0.065 0.022 0.019 0.064 0.139 0.002
  0.111 0.083 0.031 0.01  0.01  0.005 0.004 0.007 0.015 0.007 0.006 0.071
  0.079 0.021 0.008 0.091 0.021 0.006 0.013 0.575 0.005 0.062 0.223 0.027
  0.026 0.016 0.04  0.002 0.617 0.33  0.506 0.294 0.921 0.446 0.76  0.873
  0.499 0.058 0.869 0.232 0.4   0.864 0.801 0.31  0.803 0.897 0.411 0.761
  0.796 0.108 0.97  0.738 0.907 0.504 0.879 0.518 0.896 0.256 0.852 0.879
  0.846 0.529 0.597 0.672 0.924 0.882 0.92  0.95  0.098 0.688 0.393 0.038
  0.711 0.44  0.317 0.081 0.877 0.861 0.858 0.751 0.882 0.861 0.803 0.495
  0.326 0.732 0.797 0.288 0.555 0.731 0.847 0.584 0.632 0.743 0.83  0.793
  0.905 0.692 0.064 0.856 0.728 0.651 0.763 0.382 0.257 0.673 0.796 0.553
  0.699 0.662 0.637 0.844 0.231 0.888 0.899 0.794 0.756 0.659 0.794 0.432
  0.647 0.303 0.733 0.209 0.14  0.797 0.235 0.16  0.012 0.028 0.019 0.015
  0.095 0.041 0.012 0.007 0.014 0.162 0.018 0.035 0.019 0.018 0.006 0.028
  0.037 0.011 0.012 0.015 0.011 0.02  0.018 0.142 0.092 0.125 0.213 0.07
  0.032 0.165 0.101 0.268 0.03  0.135 0.113 0.014 0.069 0.16  0.201 0.18
  0.056 0.182 0.031 0.064 0.022 0.154 0.241 0.03  0.041 0.009 0.059 0.045
  0.036 0.027 0.03  0.116 0.256 0.053 0.012 0.052 0.126 0.055 0.011 0.025
  0.015 0.056 0.033 0.011 0.02  0.019 0.046 0.013 0.014 0.02  0.08  0.01
  0.041 0.011 0.013 0.121 0.048 0.019 0.013 0.022 0.014 0.01  0.023 0.064
  0.097 0.039 0.008 0.023 0.012 0.011 0.151 0.014 0.006 0.03  0.015 0.017
  0.003 0.001 0.002 0.042 0.    0.026 0.015 0.003 0.002 0.085 0.002 0.02
  0.001 0.005 0.    0.004 0.003 0.008 0.081 0.001 0.001 0.003 0.002 0.005
  0.013 0.004 0.006 0.002 0.001 0.018 0.01  0.001 0.001 0.002 0.001 0.003
  0.001 0.001 0.001 0.006 0.013 0.008 0.    0.003 0.004 0.015 0.036 0.002
  0.001 0.01  0.007 0.006 0.008 0.002 0.025 0.009 0.001 0.003 0.018 0.002
  0.001 0.008 0.008 0.001 0.008 0.026 0.008 0.086 0.056 0.012 0.006 0.006
  0.009 0.015 0.003 0.002 0.001 0.005 0.001 0.01  0.004 0.014 0.006 0.
  0.002 0.008 0.011 0.001 0.003 0.004 0.    0.001 0.047 0.088 0.006 0.075
  0.    0.069 0.005 0.027 0.071]
 [0.    0.001 0.    0.    0.    0.    0.001 0.    0.    0.    0.    0.
  0.    0.    0.    0.    0.002 0.566 0.004 0.069 0.    0.    0.    0.001
  0.003 0.    0.    0.003 0.004 0.    0.001 0.    0.116 0.002 0.    0.
  0.    0.    0.003 0.003 0.    0.    0.    0.    0.001 0.005 0.025 0.001
  0.    0.    0.    0.003 0.003 0.001 0.434 0.002 0.    0.    0.    0.001
  0.    0.    0.    0.001 0.    0.    0.007 0.006 0.    0.    0.001 0.001
  0.006 0.    0.    0.    0.003 0.    0.    0.    0.001 0.001 0.    0.
  0.    0.    0.001 0.    0.    0.    0.001 0.    0.    0.001 0.    0.001
  0.576 0.002 0.003 0.    0.001 0.008 0.108 0.001 0.025 0.042 0.074 0.02
  0.236 0.002 0.002 0.057 0.002 0.105 0.    0.019 0.001 0.002 0.03  0.197
  0.023 0.055 0.003 0.018 0.006 0.021 0.007 0.472 0.03  0.007 0.343 0.002
  0.001 0.055 0.06  0.002 0.015 0.039 0.023 0.001 0.011 0.002 0.    0.002
  0.007 0.002 0.026 0.008 0.022 0.    0.002 0.551 0.005 0.001 0.006 0.006
  0.002 0.004 0.142 0.019 0.009 0.004 0.025 0.005 0.    0.001 0.005 0.019
  0.267 0.003 0.03  0.501 0.106 0.004 0.001 0.273 0.111 0.001 0.069 0.004
  0.036 0.001 0.04  0.02  0.002 0.031 0.006 0.003 0.04  0.029 0.005 0.334
  0.009 0.081 0.011 0.002 0.025 0.006 0.004 0.002 0.    0.    0.    0.
  0.    0.    0.    0.    0.    0.    0.    0.    0.001 0.    0.002 0.
  0.    0.    0.002 0.    0.001 0.    0.    0.    0.    0.    0.    0.
  0.    0.    0.    0.    0.    0.    0.    0.    0.    0.    0.    0.
  0.    0.    0.    0.002 0.006 0.    0.    0.    0.    0.    0.    0.
  0.    0.    0.    0.    0.    0.002 0.    0.011 0.    0.    0.    0.
  0.    0.    0.    0.    0.03  0.    0.    0.    0.    0.001 0.    0.
  0.    0.    0.    0.    0.    0.    0.    0.    0.    0.001 0.008 0.
  0.    0.    0.    0.    0.    0.    0.    0.    0.001 0.    0.    0.
  0.    0.051 0.027 0.014 0.001 0.    0.002 0.014 0.    0.167 0.    0.
  0.    0.049 0.019 0.005 0.009 0.027 0.019 0.034 0.007 0.069 0.012 0.041
  0.016 0.032 0.001 0.006 0.034 0.001 0.    0.002 0.001 0.002 0.004 0.
  0.    0.    0.001 0.    0.008 0.001 0.    0.001 0.    0.013 0.008 0.001
  0.    0.001 0.    0.    0.    0.001 0.001 0.001 0.039 0.009 0.001 0.002
  0.001 0.002 0.    0.    0.    0.    0.004 0.    0.    0.    0.    0.002
  0.    0.    0.    0.    0.007 0.    0.    0.    0.    0.    0.001 0.
  0.004 0.001 0.    0.01  0.    0.032 0.    0.001 0.001 0.007 0.002 0.004
  0.005 0.001 0.001 0.002 0.158 0.121 0.254 0.301 0.339 0.191 0.154 0.292
  0.038 0.226 0.073 0.426 0.3   0.032 0.044 0.34  0.029 0.273 0.493 0.348
  0.337 0.175 0.264 0.329 0.276 0.085 0.009 0.463 0.486 0.422 0.044 0.284
  0.187 0.322 0.223 0.131 0.224 0.169 0.303 0.558 0.496 0.269 0.097 0.132
  0.113 0.24  0.152 0.257 0.387 0.475 0.057 0.212 0.335 0.134 0.144 0.039
  0.189 0.199 0.25  0.123 0.131 0.425 0.041 0.192 0.229 0.03  0.119 0.102
  0.19  0.234 0.484 0.189 0.053 0.37  0.181 0.174 0.275 0.078 0.066 0.423
  0.112 0.093 0.053 0.218 0.305 0.032 0.226 0.055 0.272 0.123 0.133 0.345
  0.156 0.165 0.048 0.147 0.074 0.272 0.42  0.417 0.001 0.01  0.    0.001
  0.004 0.    0.    0.007 0.001 0.001 0.001 0.    0.    0.001 0.    0.
  0.    0.001 0.004 0.001 0.    0.    0.002 0.01  0.    0.039 0.    0.001
  0.    0.    0.001 0.011 0.    0.001 0.    0.001 0.    0.    0.    0.
  0.    0.001 0.001 0.    0.    0.002 0.001 0.    0.001 0.    0.001 0.
  0.    0.    0.    0.001 0.    0.    0.    0.    0.    0.001 0.    0.
  0.    0.001 0.001 0.001 0.002 0.003 0.    0.003 0.002 0.    0.001 0.
  0.    0.    0.001 0.002 0.    0.002 0.    0.002 0.001 0.    0.001 0.
  0.    0.    0.    0.001 0.003 0.001 0.002 0.    0.011 0.083 0.042 0.002
  0.526 0.314 0.329 0.401 0.012 0.352 0.352 0.32  0.307 0.41  0.459 0.531
  0.192 0.634 0.361 0.706 0.547 0.747 0.727 0.68  0.79  0.702 0.021 0.009
  0.499 0.676 0.77  0.248 0.417 0.563 0.661 0.578 0.437 0.744 0.275 0.367
  0.646 0.549 0.779 0.755 0.722 0.53  0.572 0.533 0.278 0.63  0.524 0.531
  0.47  0.545 0.585 0.426 0.396 0.361 0.464 0.39  0.504 0.685 0.657 0.612
  0.686 0.278 0.705 0.481 0.607 0.54  0.145 0.672 0.633 0.652 0.577 0.374
  0.008 0.586 0.59  0.548 0.54  0.524 0.44  0.498 0.    0.136 0.438 0.138
  0.602 0.209 0.597 0.589 0.    0.336 0.535 0.315 0.444 0.677 0.508 0.565
  0.121 0.219 0.682 0.465 0.124 0.001 0.242 0.342 0.009 0.236 0.137 0.02
  0.088 0.012 0.008 0.005 0.324 0.018 0.144 0.566 0.013 0.007 0.202 0.093
  0.077 0.01  0.006 0.023 0.045 0.137 0.007 0.17  0.025 0.009 0.071 0.027
  0.01  0.13  0.037 0.032 0.021 0.031 0.023 0.01  0.14  0.125 0.003 0.018
  0.046 0.042 0.007 0.    0.017 0.012 0.049 0.002 0.052 0.023 0.031 0.018
  0.067 0.03  0.087 0.006 0.038 0.01  0.016 0.11  0.02  0.012 0.025 0.045
  0.029 0.086 0.011 0.06  0.017 0.033 0.114 0.051 0.055 0.078 0.018 0.019
  0.011 0.109 0.03  0.029 0.006 0.03  0.015 0.007 0.017 0.089 0.038 0.003
  0.087 0.027 0.011 0.015 0.007 0.093 0.271 0.19  0.003 0.015 0.004 0.009
  0.1   0.015 0.007 0.005 0.004 0.01  0.004 0.014 0.005 0.007 0.004 0.003
  0.041 0.007 0.005 0.01  0.007 0.006 0.001 0.039 0.02  0.063 0.064 0.031
  0.005 0.014 0.033 0.044 0.012 0.016 0.075 0.003 0.03  0.019 0.07  0.073
  0.01  0.024 0.006 0.009 0.002 0.068 0.009 0.012 0.03  0.009 0.039 0.035
  0.019 0.004 0.006 0.062 0.009 0.029 0.008 0.026 0.022 0.021 0.002 0.02
  0.006 0.004 0.009 0.003 0.006 0.005 0.011 0.005 0.003 0.012 0.043 0.003
  0.01  0.004 0.005 0.051 0.031 0.002 0.009 0.003 0.006 0.004 0.003 0.027
  0.067 0.004 0.004 0.011 0.001 0.003 0.021 0.002 0.003 0.002 0.005 0.002
  0.428 0.202 0.394 0.369 0.395 0.086 0.18  0.24  0.155 0.118 0.197 0.445
  0.147 0.184 0.139 0.086 0.011 0.272 0.2   0.197 0.369 0.38  0.417 0.191
  0.566 0.133 0.296 0.12  0.252 0.384 0.139 0.452 0.272 0.13  0.258 0.094
  0.319 0.278 0.32  0.284 0.243 0.254 0.226 0.138 0.341 0.371 0.039 0.243
  0.24  0.461 0.233 0.337 0.378 0.249 0.102 0.27  0.278 0.206 0.389 0.24
  0.12  0.22  0.382 0.32  0.453 0.095 0.145 0.046 0.228 0.2   0.447 0.354
  0.402 0.036 0.41  0.335 0.214 0.429 0.225 0.292 0.311 0.232 0.28  0.22
  0.425 0.423 0.286 0.394 0.081 0.081 0.184 0.187 0.116 0.09  0.503 0.42
  0.084 0.494 0.311 0.664 0.008]
 [0.219 0.042 0.042 0.122 0.047 0.083 0.055 0.029 0.054 0.044 0.136 0.042
  0.029 0.142 0.107 0.031 0.032 0.009 0.046 0.173 0.096 0.044 0.037 0.108
  0.004 0.005 0.044 0.013 0.012 0.1   0.013 0.061 0.007 0.143 0.07  0.046
  0.009 0.053 0.241 0.043 0.005 0.03  0.058 0.026 0.232 0.108 0.095 0.08
  0.033 0.031 0.008 0.013 0.066 0.069 0.022 0.081 0.109 0.066 0.042 0.018
  0.055 0.194 0.042 0.074 0.113 0.081 0.259 0.068 0.127 0.114 0.126 0.05
  0.064 0.039 0.052 0.198 0.059 0.033 0.157 0.012 0.011 0.096 0.39  0.097
  0.166 0.055 0.185 0.086 0.3   0.085 0.032 0.041 0.02  0.013 0.039 0.077
  0.004 0.039 0.029 0.062 0.007 0.017 0.012 0.011 0.023 0.041 0.067 0.059
  0.005 0.005 0.06  0.141 0.033 0.153 0.011 0.007 0.01  0.092 0.106 0.002
  0.026 0.007 0.068 0.022 0.019 0.003 0.015 0.012 0.044 0.009 0.025 0.009
  0.005 0.016 0.023 0.007 0.059 0.011 0.063 0.025 0.01  0.005 0.037 0.067
  0.017 0.004 0.078 0.078 0.04  0.012 0.008 0.027 0.019 0.007 0.009 0.113
  0.024 0.013 0.008 0.042 0.022 0.009 0.126 0.029 0.038 0.073 0.002 0.051
  0.014 0.035 0.029 0.008 0.056 0.01  0.003 0.02  0.017 0.03  0.008 0.025
  0.012 0.012 0.012 0.038 0.055 0.061 0.013 0.024 0.029 0.052 0.074 0.021
  0.076 0.169 0.056 0.01  0.112 0.042 0.035 0.093 0.004 0.005 0.02  0.003
  0.011 0.001 0.001 0.005 0.002 0.006 0.013 0.001 0.048 0.001 0.026 0.002
  0.005 0.006 0.017 0.007 0.165 0.002 0.001 0.002 0.002 0.03  0.006 0.001
  0.005 0.002 0.001 0.004 0.015 0.009 0.039 0.008 0.004 0.007 0.03  0.003
  0.02  0.031 0.003 0.017 0.074 0.076 0.068 0.001 0.006 0.017 0.002 0.002
  0.023 0.007 0.002 0.056 0.018 0.166 0.007 0.138 0.003 0.165 0.003 0.002
  0.006 0.136 0.008 0.022 0.047 0.11  0.001 0.033 0.018 0.03  0.002 0.003
  0.002 0.009 0.001 0.003 0.025 0.01  0.175 0.009 0.004 0.038 0.086 0.004
  0.002 0.02  0.002 0.001 0.059 0.002 0.004 0.152 0.012 0.002 0.005 0.008
  0.12  0.063 0.114 0.122 0.108 0.075 0.24  0.156 0.144 0.097 0.174 0.116
  0.047 0.111 0.215 0.083 0.179 0.202 0.188 0.124 0.181 0.105 0.107 0.082
  0.229 0.198 0.075 0.072 0.159 0.063 0.086 0.197 0.076 0.152 0.134 0.13
  0.082 0.122 0.142 0.079 0.054 0.105 0.069 0.086 0.074 0.217 0.134 0.069
  0.093 0.086 0.074 0.089 0.127 0.138 0.082 0.075 0.145 0.085 0.094 0.177
  0.247 0.198 0.062 0.084 0.2   0.153 0.078 0.237 0.083 0.244 0.099 0.211
  0.351 0.269 0.108 0.152 0.257 0.087 0.066 0.051 0.09  0.114 0.247 0.075
  0.111 0.066 0.064 0.152 0.155 0.151 0.133 0.119 0.077 0.333 0.08  0.127
  0.109 0.127 0.101 0.156 0.045 0.029 0.025 0.026 0.031 0.081 0.018 0.018
  0.231 0.048 0.039 0.007 0.025 0.151 0.081 0.031 0.153 0.052 0.016 0.028
  0.005 0.02  0.004 0.042 0.07  0.01  0.288 0.008 0.01  0.018 0.038 0.013
  0.024 0.005 0.012 0.012 0.004 0.03  0.002 0.007 0.002 0.008 0.043 0.046
  0.059 0.012 0.055 0.021 0.004 0.006 0.004 0.042 0.006 0.114 0.019 0.071
  0.039 0.05  0.007 0.086 0.014 0.004 0.228 0.02  0.004 0.132 0.152 0.011
  0.067 0.036 0.009 0.118 0.063 0.005 0.024 0.028 0.005 0.166 0.105 0.008
  0.097 0.135 0.206 0.003 0.017 0.171 0.021 0.1   0.031 0.185 0.049 0.005
  0.055 0.013 0.152 0.063 0.149 0.074 0.017 0.016 0.476 0.346 0.417 0.403
  0.194 0.662 0.701 0.187 0.375 0.142 0.445 0.37  0.31  0.25  0.839 0.67
  0.837 0.725 0.63  0.722 0.454 0.849 0.485 0.468 0.851 0.17  0.791 0.438
  0.489 0.616 0.53  0.44  0.582 0.539 0.689 0.532 0.444 0.708 0.711 0.679
  0.745 0.691 0.662 0.822 0.679 0.636 0.275 0.716 0.771 0.723 0.346 0.786
  0.702 0.827 0.783 0.543 0.514 0.815 0.825 0.774 0.848 0.776 0.878 0.854
  0.822 0.833 0.616 0.655 0.61  0.349 0.493 0.641 0.287 0.764 0.704 0.808
  0.874 0.506 0.56  0.667 0.528 0.581 0.384 0.617 0.708 0.667 0.615 0.694
  0.74  0.794 0.706 0.719 0.563 0.676 0.609 0.699 0.595 0.268 0.207 0.653
  0.045 0.051 0.05  0.022 0.063 0.044 0.049 0.045 0.063 0.017 0.051 0.019
  0.067 0.018 0.048 0.011 0.016 0.013 0.014 0.013 0.007 0.015 0.024 0.048
  0.033 0.018 0.011 0.022 0.055 0.016 0.015 0.025 0.015 0.01  0.066 0.013
  0.016 0.007 0.011 0.011 0.009 0.014 0.023 0.019 0.049 0.014 0.015 0.009
  0.008 0.015 0.018 0.013 0.015 0.017 0.01  0.021 0.022 0.014 0.014 0.041
  0.015 0.02  0.009 0.014 0.018 0.032 0.097 0.009 0.01  0.02  0.036 0.009
  0.077 0.026 0.009 0.014 0.017 0.006 0.007 0.014 0.143 0.024 0.019 0.049
  0.025 0.056 0.013 0.03  0.12  0.016 0.019 0.016 0.01  0.018 0.038 0.017
  0.082 0.007 0.018 0.007 0.066 0.034 0.052 0.061 0.036 0.064 0.024 0.046
  0.099 0.04  0.066 0.209 0.035 0.065 0.014 0.014 0.083 0.053 0.073 0.031
  0.047 0.177 0.011 0.063 0.015 0.079 0.056 0.084 0.029 0.301 0.018 0.033
  0.058 0.049 0.108 0.111 0.023 0.033 0.017 0.019 0.051 0.044 0.135 0.023
  0.079 0.18  0.374 0.336 0.046 0.048 0.026 0.16  0.016 0.042 0.051 0.177
  0.065 0.069 0.03  0.056 0.142 0.108 0.053 0.063 0.146 0.102 0.046 0.051
  0.016 0.061 0.196 0.019 0.119 0.123 0.023 0.132 0.202 0.033 0.075 0.161
  0.134 0.044 0.091 0.054 0.284 0.036 0.04  0.104 0.105 0.067 0.069 0.104
  0.076 0.079 0.118 0.135 0.151 0.029 0.079 0.123 0.014 0.042 0.082 0.08
  0.127 0.064 0.021 0.015 0.02  0.099 0.031 0.054 0.021 0.034 0.017 0.038
  0.125 0.017 0.015 0.035 0.02  0.028 0.027 0.12  0.121 0.111 0.113 0.097
  0.056 0.162 0.097 0.133 0.044 0.159 0.115 0.027 0.147 0.16  0.112 0.114
  0.036 0.159 0.039 0.147 0.039 0.11  0.215 0.064 0.077 0.039 0.093 0.086
  0.054 0.056 0.051 0.106 0.187 0.077 0.028 0.098 0.149 0.092 0.02  0.055
  0.027 0.103 0.044 0.029 0.063 0.028 0.057 0.038 0.019 0.059 0.089 0.058
  0.073 0.028 0.033 0.151 0.08  0.032 0.062 0.025 0.031 0.017 0.032 0.086
  0.07  0.041 0.013 0.045 0.025 0.027 0.104 0.016 0.014 0.035 0.028 0.027
  0.006 0.003 0.005 0.02  0.003 0.092 0.067 0.004 0.028 0.125 0.005 0.015
  0.013 0.011 0.006 0.034 0.002 0.004 0.061 0.003 0.005 0.004 0.005 0.005
  0.006 0.003 0.013 0.002 0.005 0.022 0.005 0.004 0.004 0.019 0.005 0.003
  0.007 0.009 0.007 0.021 0.014 0.029 0.005 0.028 0.01  0.019 0.205 0.014
  0.009 0.014 0.012 0.012 0.02  0.013 0.112 0.009 0.005 0.025 0.018 0.007
  0.01  0.028 0.008 0.005 0.013 0.072 0.004 0.237 0.054 0.01  0.013 0.018
  0.009 0.124 0.006 0.01  0.005 0.007 0.01  0.024 0.015 0.015 0.008 0.002
  0.006 0.012 0.014 0.005 0.023 0.008 0.003 0.006 0.107 0.09  0.006 0.014
  0.002 0.018 0.032 0.011 0.212]
 [0.038 0.011 0.003 0.012 0.003 0.004 0.007 0.007 0.014 0.002 0.013 0.006
  0.001 0.002 0.003 0.014 0.039 0.147 0.162 0.159 0.008 0.006 0.009 0.017
  0.026 0.003 0.003 0.034 0.022 0.017 0.003 0.002 0.097 0.062 0.01  0.015
  0.01  0.071 0.101 0.032 0.007 0.003 0.017 0.016 0.033 0.106 0.047 0.105
  0.012 0.018 0.017 0.009 0.018 0.054 0.196 0.022 0.007 0.001 0.001 0.009
  0.001 0.02  0.006 0.021 0.007 0.017 0.149 0.15  0.008 0.035 0.032 0.011
  0.058 0.005 0.004 0.036 0.068 0.005 0.016 0.006 0.016 0.061 0.025 0.006
  0.019 0.001 0.04  0.021 0.024 0.003 0.02  0.004 0.005 0.007 0.017 0.03
  0.161 0.052 0.037 0.019 0.001 0.008 0.065 0.002 0.042 0.02  0.073 0.028
  0.055 0.002 0.038 0.132 0.019 0.227 0.003 0.016 0.001 0.086 0.314 0.043
  0.064 0.051 0.017 0.08  0.006 0.007 0.008 0.23  0.053 0.006 0.197 0.006
  0.003 0.032 0.034 0.007 0.036 0.029 0.031 0.007 0.008 0.002 0.003 0.009
  0.014 0.005 0.039 0.05  0.021 0.001 0.002 0.119 0.011 0.005 0.01  0.023
  0.011 0.003 0.031 0.033 0.015 0.006 0.358 0.006 0.003 0.009 0.005 0.013
  0.055 0.04  0.101 0.114 0.104 0.008 0.002 0.068 0.048 0.018 0.028 0.009
  0.031 0.009 0.025 0.028 0.052 0.03  0.007 0.015 0.032 0.035 0.021 0.101
  0.084 0.179 0.039 0.01  0.049 0.033 0.023 0.022 0.    0.    0.003 0.
  0.    0.    0.    0.    0.    0.    0.    0.    0.009 0.    0.003 0.
  0.    0.    0.008 0.001 0.017 0.    0.    0.    0.    0.005 0.    0.
  0.    0.    0.    0.    0.001 0.    0.004 0.001 0.    0.    0.003 0.
  0.001 0.002 0.    0.003 0.013 0.001 0.001 0.    0.    0.002 0.    0.
  0.002 0.001 0.    0.012 0.002 0.003 0.    0.044 0.    0.002 0.    0.
  0.    0.    0.002 0.    0.028 0.001 0.    0.001 0.    0.003 0.    0.
  0.    0.001 0.    0.    0.004 0.001 0.002 0.003 0.001 0.006 0.066 0.
  0.    0.001 0.    0.    0.002 0.    0.    0.001 0.004 0.    0.    0.001
  0.021 0.095 0.244 0.126 0.04  0.008 0.071 0.093 0.017 0.247 0.028 0.009
  0.013 0.271 0.148 0.101 0.136 0.198 0.117 0.259 0.077 0.462 0.121 0.308
  0.071 0.184 0.042 0.091 0.061 0.035 0.007 0.044 0.041 0.064 0.087 0.015
  0.018 0.006 0.032 0.026 0.15  0.028 0.033 0.055 0.023 0.105 0.091 0.053
  0.027 0.06  0.021 0.008 0.009 0.033 0.059 0.033 0.218 0.123 0.036 0.04
  0.016 0.068 0.011 0.006 0.012 0.022 0.082 0.011 0.02  0.005 0.007 0.04
  0.007 0.012 0.018 0.023 0.085 0.025 0.004 0.016 0.018 0.014 0.022 0.023
  0.076 0.025 0.01  0.114 0.009 0.293 0.016 0.042 0.039 0.051 0.063 0.107
  0.095 0.055 0.036 0.069 0.56  0.72  0.586 0.463 0.37  0.432 0.679 0.595
  0.323 0.522 0.686 0.387 0.398 0.505 0.288 0.428 0.476 0.347 0.201 0.516
  0.435 0.614 0.641 0.304 0.314 0.139 0.141 0.381 0.295 0.335 0.274 0.393
  0.631 0.53  0.473 0.753 0.647 0.583 0.623 0.239 0.285 0.086 0.587 0.233
  0.659 0.624 0.543 0.123 0.366 0.308 0.248 0.546 0.384 0.39  0.627 0.504
  0.593 0.304 0.551 0.454 0.758 0.388 0.239 0.638 0.554 0.483 0.155 0.44
  0.487 0.485 0.378 0.349 0.546 0.298 0.189 0.691 0.65  0.195 0.269 0.179
  0.53  0.43  0.344 0.674 0.459 0.55  0.425 0.582 0.376 0.313 0.546 0.546
  0.41  0.678 0.076 0.253 0.098 0.27  0.391 0.272 0.043 0.158 0.018 0.045
  0.092 0.011 0.002 0.079 0.021 0.041 0.04  0.019 0.014 0.045 0.002 0.02
  0.001 0.019 0.088 0.022 0.006 0.008 0.013 0.097 0.002 0.208 0.005 0.042
  0.011 0.035 0.025 0.089 0.02  0.02  0.005 0.094 0.029 0.012 0.031 0.005
  0.005 0.03  0.019 0.007 0.017 0.063 0.025 0.001 0.064 0.006 0.194 0.004
  0.022 0.005 0.001 0.065 0.033 0.007 0.012 0.01  0.009 0.024 0.007 0.008
  0.004 0.017 0.014 0.018 0.019 0.139 0.009 0.049 0.039 0.018 0.02  0.012
  0.004 0.016 0.017 0.044 0.019 0.046 0.031 0.028 0.038 0.014 0.031 0.013
  0.002 0.027 0.008 0.018 0.051 0.029 0.045 0.011 0.087 0.23  0.306 0.045
  0.134 0.05  0.079 0.05  0.037 0.094 0.083 0.055 0.095 0.291 0.117 0.295
  0.081 0.204 0.117 0.134 0.159 0.082 0.159 0.089 0.125 0.064 0.043 0.018
  0.229 0.146 0.052 0.183 0.149 0.039 0.046 0.163 0.24  0.074 0.042 0.024
  0.145 0.322 0.086 0.088 0.056 0.148 0.122 0.146 0.13  0.136 0.181 0.173
  0.195 0.122 0.101 0.239 0.135 0.106 0.211 0.185 0.112 0.08  0.1   0.146
  0.084 0.135 0.056 0.082 0.036 0.207 0.179 0.07  0.091 0.111 0.129 0.475
  0.018 0.059 0.039 0.25  0.255 0.23  0.221 0.227 0.018 0.158 0.321 0.272
  0.124 0.4   0.229 0.176 0.01  0.227 0.134 0.026 0.08  0.189 0.131 0.211
  0.134 0.024 0.104 0.139 0.058 0.004 0.085 0.112 0.004 0.049 0.027 0.008
  0.032 0.044 0.006 0.025 0.038 0.011 0.007 0.037 0.009 0.005 0.101 0.021
  0.033 0.096 0.001 0.015 0.007 0.041 0.005 0.077 0.006 0.064 0.01  0.008
  0.007 0.028 0.022 0.037 0.008 0.009 0.004 0.004 0.047 0.026 0.008 0.003
  0.022 0.119 0.026 0.009 0.006 0.009 0.011 0.004 0.003 0.005 0.006 0.019
  0.009 0.008 0.027 0.004 0.058 0.007 0.011 0.036 0.018 0.008 0.004 0.031
  0.004 0.032 0.219 0.009 0.02  0.037 0.03  0.079 0.148 0.03  0.007 0.057
  0.021 0.01  0.014 0.013 0.013 0.009 0.011 0.007 0.016 0.037 0.022 0.006
  0.025 0.091 0.016 0.027 0.025 0.019 0.182 0.306 0.013 0.028 0.035 0.101
  0.36  0.027 0.019 0.017 0.013 0.016 0.015 0.026 0.019 0.018 0.014 0.011
  0.297 0.02  0.017 0.031 0.019 0.02  0.008 0.03  0.022 0.055 0.036 0.032
  0.028 0.015 0.025 0.031 0.038 0.02  0.062 0.011 0.132 0.02  0.049 0.05
  0.027 0.026 0.017 0.019 0.008 0.064 0.013 0.037 0.034 0.042 0.044 0.039
  0.027 0.012 0.017 0.059 0.011 0.036 0.018 0.034 0.026 0.031 0.007 0.027
  0.02  0.012 0.031 0.011 0.023 0.015 0.047 0.024 0.013 0.023 0.039 0.025
  0.05  0.013 0.018 0.133 0.037 0.01  0.036 0.013 0.022 0.015 0.013 0.033
  0.139 0.017 0.016 0.026 0.007 0.012 0.04  0.009 0.012 0.015 0.018 0.012
  0.242 0.104 0.356 0.165 0.261 0.367 0.287 0.063 0.208 0.347 0.126 0.129
  0.195 0.165 0.113 0.128 0.008 0.051 0.234 0.129 0.28  0.1   0.268 0.052
  0.067 0.076 0.144 0.042 0.088 0.347 0.019 0.385 0.243 0.161 0.144 0.038
  0.434 0.452 0.479 0.367 0.059 0.395 0.479 0.279 0.262 0.349 0.226 0.314
  0.347 0.18  0.377 0.453 0.34  0.158 0.277 0.128 0.33  0.336 0.247 0.328
  0.282 0.352 0.133 0.381 0.233 0.176 0.018 0.157 0.383 0.03  0.275 0.25
  0.156 0.265 0.261 0.418 0.489 0.217 0.363 0.354 0.3   0.207 0.098 0.308
  0.28  0.097 0.148 0.421 0.086 0.152 0.072 0.316 0.3   0.182 0.057 0.042
  0.049 0.053 0.339 0.095 0.064]
 [0.06  0.003 0.002 0.022 0.001 0.003 0.002 0.003 0.006 0.002 0.008 0.001
  0.    0.005 0.002 0.006 0.017 0.001 0.176 0.028 0.008 0.005 0.002 0.006
  0.003 0.    0.004 0.003 0.003 0.016 0.001 0.001 0.003 0.045 0.023 0.006
  0.003 0.03  0.057 0.007 0.001 0.005 0.023 0.037 0.034 0.094 0.004 0.051
  0.005 0.016 0.002 0.005 0.003 0.088 0.003 0.009 0.021 0.001 0.002 0.004
  0.002 0.011 0.004 0.019 0.015 0.011 0.192 0.157 0.024 0.024 0.021 0.003
  0.013 0.002 0.003 0.048 0.034 0.001 0.013 0.003 0.012 0.06  0.017 0.005
  0.024 0.    0.056 0.022 0.016 0.001 0.013 0.008 0.002 0.001 0.021 0.028
  0.    0.028 0.032 0.009 0.    0.001 0.001 0.001 0.008 0.002 0.006 0.005
  0.    0.    0.018 0.044 0.002 0.033 0.    0.    0.    0.1   0.063 0.
  0.002 0.001 0.002 0.004 0.    0.    0.001 0.002 0.004 0.    0.005 0.001
  0.    0.001 0.    0.    0.002 0.001 0.001 0.    0.    0.    0.001 0.001
  0.001 0.    0.008 0.015 0.001 0.    0.    0.007 0.006 0.    0.002 0.038
  0.007 0.001 0.    0.004 0.003 0.002 0.173 0.001 0.001 0.025 0.    0.004
  0.001 0.014 0.005 0.001 0.014 0.001 0.    0.001 0.002 0.004 0.    0.001
  0.002 0.    0.001 0.001 0.004 0.003 0.002 0.011 0.004 0.005 0.003 0.002
  0.03  0.078 0.021 0.001 0.017 0.01  0.002 0.007 0.    0.    0.    0.
  0.    0.    0.    0.    0.    0.    0.    0.    0.002 0.    0.    0.
  0.    0.    0.002 0.    0.008 0.    0.    0.    0.    0.    0.    0.
  0.    0.    0.    0.    0.    0.    0.001 0.    0.    0.    0.001 0.
  0.    0.002 0.    0.    0.006 0.    0.    0.    0.    0.    0.    0.
  0.    0.    0.    0.001 0.    0.001 0.    0.006 0.    0.003 0.    0.
  0.    0.    0.    0.    0.002 0.    0.    0.    0.    0.    0.    0.
  0.    0.    0.    0.    0.    0.    0.003 0.    0.    0.002 0.023 0.
  0.    0.    0.    0.    0.001 0.    0.    0.    0.001 0.    0.    0.
  0.81  0.051 0.365 0.637 0.806 0.899 0.54  0.443 0.788 0.135 0.728 0.844
  0.927 0.458 0.417 0.776 0.407 0.318 0.416 0.479 0.533 0.259 0.685 0.498
  0.217 0.432 0.862 0.791 0.051 0.882 0.886 0.685 0.852 0.71  0.709 0.827
  0.875 0.822 0.761 0.875 0.743 0.823 0.881 0.833 0.887 0.419 0.662 0.846
  0.857 0.83  0.885 0.88  0.819 0.758 0.831 0.869 0.432 0.679 0.822 0.66
  0.602 0.643 0.912 0.892 0.752 0.768 0.799 0.698 0.864 0.708 0.87  0.631
  0.581 0.661 0.833 0.786 0.424 0.863 0.919 0.919 0.862 0.852 0.406 0.891
  0.745 0.885 0.908 0.527 0.809 0.374 0.657 0.309 0.821 0.345 0.827 0.681
  0.527 0.664 0.774 0.658 0.043 0.093 0.037 0.054 0.034 0.079 0.019 0.047
  0.12  0.096 0.068 0.008 0.041 0.179 0.026 0.063 0.258 0.158 0.009 0.02
  0.007 0.018 0.014 0.047 0.057 0.005 0.066 0.011 0.007 0.014 0.012 0.046
  0.013 0.006 0.016 0.034 0.006 0.005 0.003 0.002 0.    0.002 0.056 0.031
  0.038 0.03  0.032 0.008 0.003 0.002 0.009 0.053 0.007 0.068 0.018 0.346
  0.062 0.032 0.003 0.062 0.044 0.002 0.274 0.033 0.005 0.075 0.039 0.002
  0.136 0.099 0.015 0.044 0.03  0.006 0.005 0.027 0.004 0.046 0.089 0.005
  0.091 0.046 0.049 0.011 0.005 0.153 0.011 0.063 0.045 0.064 0.023 0.002
  0.083 0.017 0.076 0.075 0.039 0.086 0.017 0.008 0.025 0.333 0.031 0.186
  0.021 0.019 0.009 0.045 0.055 0.043 0.111 0.044 0.049 0.068 0.009 0.042
  0.001 0.068 0.092 0.015 0.005 0.028 0.047 0.158 0.003 0.125 0.009 0.037
  0.026 0.094 0.042 0.125 0.036 0.029 0.004 0.214 0.041 0.007 0.036 0.006
  0.028 0.011 0.013 0.027 0.052 0.079 0.045 0.001 0.085 0.009 0.199 0.005
  0.02  0.007 0.003 0.023 0.067 0.012 0.017 0.032 0.051 0.058 0.014 0.013
  0.01  0.011 0.044 0.019 0.03  0.413 0.007 0.101 0.138 0.07  0.013 0.028
  0.005 0.062 0.048 0.012 0.007 0.12  0.21  0.078 0.037 0.009 0.115 0.044
  0.004 0.014 0.029 0.027 0.037 0.086 0.128 0.037 0.075 0.1   0.063 0.083
  0.012 0.001 0.009 0.001 0.02  0.01  0.009 0.005 0.019 0.009 0.01  0.011
  0.013 0.007 0.006 0.002 0.008 0.001 0.003 0.002 0.001 0.001 0.008 0.001
  0.029 0.008 0.    0.006 0.007 0.    0.001 0.007 0.012 0.001 0.001 0.
  0.007 0.015 0.001 0.001 0.    0.002 0.004 0.009 0.013 0.002 0.003 0.003
  0.004 0.004 0.003 0.011 0.008 0.002 0.005 0.009 0.003 0.001 0.001 0.003
  0.001 0.01  0.    0.001 0.    0.027 0.202 0.001 0.001 0.002 0.01  0.029
  0.003 0.    0.    0.012 0.003 0.002 0.004 0.003 0.062 0.003 0.024 0.012
  0.007 0.088 0.008 0.025 0.003 0.008 0.004 0.001 0.001 0.004 0.012 0.004
  0.025 0.    0.002 0.001 0.018 0.001 0.009 0.012 0.001 0.007 0.003 0.003
  0.013 0.004 0.005 0.027 0.002 0.003 0.    0.    0.006 0.002 0.03  0.003
  0.009 0.522 0.    0.002 0.001 0.012 0.004 0.001 0.001 0.241 0.001 0.002
  0.004 0.001 0.002 0.033 0.002 0.002 0.    0.001 0.002 0.004 0.003 0.
  0.007 0.133 0.053 0.105 0.001 0.005 0.001 0.006 0.    0.    0.001 0.027
  0.001 0.001 0.005 0.    0.068 0.006 0.006 0.009 0.019 0.007 0.    0.011
  0.    0.007 0.465 0.001 0.023 0.033 0.004 0.092 0.182 0.003 0.002 0.123
  0.034 0.    0.003 0.005 0.034 0.002 0.005 0.008 0.012 0.003 0.007 0.003
  0.002 0.003 0.019 0.004 0.004 0.001 0.062 0.057 0.013 0.033 0.039 0.142
  0.245 0.032 0.027 0.019 0.015 0.01  0.019 0.034 0.015 0.026 0.017 0.008
  0.426 0.026 0.019 0.035 0.025 0.021 0.008 0.022 0.011 0.032 0.017 0.031
  0.02  0.01  0.011 0.014 0.071 0.014 0.028 0.013 0.15  0.012 0.028 0.02
  0.017 0.012 0.016 0.014 0.007 0.048 0.008 0.057 0.047 0.045 0.041 0.045
  0.037 0.012 0.02  0.052 0.004 0.045 0.025 0.038 0.017 0.034 0.008 0.026
  0.025 0.012 0.017 0.014 0.019 0.013 0.042 0.017 0.012 0.033 0.039 0.061
  0.118 0.014 0.012 0.205 0.048 0.011 0.052 0.008 0.015 0.017 0.011 0.028
  0.07  0.015 0.016 0.032 0.006 0.016 0.001 0.008 0.013 0.027 0.02  0.014
  0.002 0.001 0.004 0.004 0.002 0.195 0.041 0.    0.012 0.078 0.001 0.002
  0.004 0.003 0.002 0.015 0.    0.    0.061 0.001 0.003 0.    0.002 0.
  0.    0.001 0.003 0.    0.001 0.022 0.    0.002 0.001 0.009 0.002 0.
  0.014 0.01  0.01  0.022 0.001 0.03  0.004 0.019 0.004 0.011 0.102 0.023
  0.005 0.001 0.014 0.01  0.019 0.004 0.138 0.    0.003 0.029 0.004 0.009
  0.006 0.026 0.001 0.005 0.006 0.066 0.    0.2   0.102 0.    0.005 0.005
  0.002 0.406 0.004 0.021 0.008 0.003 0.011 0.011 0.016 0.005 0.001 0.002
  0.002 0.001 0.001 0.006 0.004 0.018 0.    0.006 0.191 0.196 0.    0.
  0.    0.001 0.021 0.002 0.025]
 [0.064 0.021 0.153 0.065 0.347 0.205 0.224 0.132 0.101 0.055 0.161 0.229
  0.395 0.178 0.13  0.038 0.038 0.007 0.001 0.019 0.114 0.021 0.226 0.024
  0.188 0.818 0.412 0.039 0.038 0.044 0.095 0.13  0.042 0.02  0.014 0.053
  0.036 0.016 0.018 0.033 0.198 0.026 0.012 0.01  0.044 0.035 0.07  0.027
  0.085 0.121 0.187 0.125 0.1   0.007 0.012 0.042 0.092 0.227 0.1   0.346
  0.11  0.17  0.013 0.061 0.097 0.037 0.012 0.045 0.092 0.009 0.012 0.166
  0.017 0.013 0.528 0.006 0.009 0.038 0.043 0.05  0.023 0.044 0.053 0.039
  0.033 0.771 0.06  0.014 0.013 0.088 0.049 0.01  0.459 0.131 0.03  0.086
  0.001 0.068 0.019 0.036 0.002 0.001 0.002 0.001 0.006 0.008 0.003 0.021
  0.002 0.001 0.003 0.019 0.003 0.006 0.002 0.003 0.079 0.021 0.001 0.001
  0.001 0.001 0.01  0.002 0.008 0.002 0.001 0.001 0.01  0.004 0.004 0.021
  0.018 0.011 0.005 0.111 0.023 0.001 0.032 0.078 0.001 0.    0.023 0.025
  0.002 0.002 0.003 0.009 0.029 0.    0.003 0.028 0.006 0.    0.002 0.008
  0.002 0.002 0.004 0.021 0.01  0.007 0.001 0.009 0.009 0.008 0.001 0.111
  0.009 0.001 0.01  0.003 0.018 0.002 0.    0.01  0.006 0.002 0.001 0.303
  0.002 0.043 0.001 0.021 0.017 0.008 0.005 0.001 0.022 0.003 0.12  0.006
  0.002 0.008 0.002 0.002 0.004 0.007 0.009 0.084 0.919 0.962 0.835 0.908
  0.962 0.987 0.968 0.885 0.99  0.96  0.91  0.984 0.797 0.994 0.779 0.894
  0.985 0.974 0.318 0.897 0.379 0.964 0.978 0.973 0.979 0.572 0.958 0.972
  0.96  0.99  0.987 0.971 0.912 0.822 0.631 0.685 0.963 0.951 0.392 0.969
  0.9   0.699 0.882 0.641 0.396 0.469 0.85  0.989 0.952 0.809 0.973 0.981
  0.811 0.926 0.973 0.719 0.904 0.148 0.816 0.325 0.981 0.625 0.971 0.973
  0.937 0.789 0.773 0.902 0.288 0.802 0.971 0.789 0.931 0.649 0.965 0.939
  0.984 0.815 0.989 0.851 0.732 0.875 0.391 0.826 0.872 0.734 0.289 0.926
  0.91  0.704 0.926 0.971 0.645 0.912 0.915 0.72  0.25  0.949 0.933 0.502
  0.001 0.011 0.002 0.005 0.002 0.    0.001 0.018 0.001 0.019 0.002 0.
  0.    0.005 0.007 0.001 0.002 0.007 0.018 0.003 0.007 0.001 0.004 0.002
  0.04  0.006 0.    0.003 0.033 0.001 0.    0.005 0.001 0.002 0.002 0.001
  0.001 0.001 0.002 0.    0.001 0.002 0.    0.    0.    0.014 0.006 0.001
  0.    0.    0.001 0.001 0.001 0.004 0.    0.001 0.007 0.006 0.002 0.006
  0.007 0.002 0.    0.001 0.002 0.001 0.001 0.003 0.001 0.003 0.001 0.003
  0.005 0.003 0.002 0.001 0.008 0.001 0.    0.    0.001 0.001 0.009 0.
  0.002 0.001 0.    0.009 0.001 0.004 0.004 0.015 0.003 0.011 0.001 0.002
  0.005 0.004 0.003 0.001 0.002 0.    0.001 0.003 0.008 0.004 0.    0.
  0.004 0.002 0.    0.001 0.006 0.    0.004 0.006 0.    0.015 0.016 0.001
  0.001 0.001 0.    0.017 0.018 0.084 0.11  0.001 0.004 0.004 0.027 0.013
  0.    0.    0.001 0.    0.    0.003 0.    0.003 0.    0.021 0.    0.005
  0.001 0.001 0.005 0.021 0.001 0.001 0.007 0.002 0.001 0.005 0.001 0.
  0.001 0.005 0.    0.004 0.    0.    0.007 0.001 0.    0.    0.075 0.001
  0.004 0.004 0.002 0.01  0.009 0.004 0.025 0.    0.    0.039 0.048 0.01
  0.002 0.007 0.016 0.    0.    0.    0.003 0.002 0.007 0.005 0.002 0.
  0.004 0.    0.037 0.011 0.061 0.028 0.003 0.004 0.137 0.003 0.076 0.015
  0.102 0.042 0.066 0.019 0.074 0.039 0.054 0.071 0.093 0.015 0.036 0.033
  0.043 0.015 0.006 0.033 0.234 0.017 0.029 0.01  0.046 0.006 0.011 0.066
  0.102 0.025 0.017 0.01  0.011 0.035 0.093 0.001 0.028 0.06  0.015 0.029
  0.026 0.062 0.021 0.008 0.026 0.018 0.043 0.109 0.001 0.009 0.013 0.092
  0.095 0.028 0.021 0.085 0.009 0.012 0.032 0.011 0.004 0.006 0.006 0.019
  0.008 0.005 0.007 0.009 0.043 0.004 0.155 0.013 0.007 0.002 0.068 0.008
  0.012 0.064 0.048 0.044 0.094 0.028 0.017 0.011 0.006 0.067 0.017 0.007
  0.03  0.008 0.045 0.013 0.062 0.015 0.014 0.051 0.007 0.006 0.007 0.006
  0.012 0.013 0.02  0.028 0.197 0.064 0.018 0.037 0.04  0.003 0.015 0.003
  0.027 0.004 0.027 0.004 0.025 0.006 0.002 0.015 0.001 0.004 0.165 0.17
  0.015 0.007 0.004 0.02  0.01  0.016 0.019 0.012 0.011 0.004 0.019 0.054
  0.015 0.003 0.001 0.004 0.004 0.004 0.016 0.027 0.107 0.005 0.003 0.008
  0.007 0.026 0.027 0.008 0.06  0.044 0.006 0.014 0.02  0.005 0.008 0.002
  0.008 0.026 0.009 0.016 0.006 0.015 0.06  0.009 0.009 0.008 0.01  0.002
  0.306 0.006 0.021 0.007 0.002 0.003 0.008 0.002 0.011 0.007 0.005 0.007
  0.018 0.011 0.004 0.011 0.178 0.018 0.01  0.012 0.008 0.001 0.009 0.005
  0.011 0.067 0.005 0.002 0.021 0.331 0.014 0.019 0.005 0.03  0.007 0.007
  0.056 0.062 0.005 0.331 0.039 0.011 0.005 0.005 0.013 0.01  0.033 0.017
  0.003 0.009 0.001 0.049 0.003 0.037 0.006 0.011 0.006 0.007 0.009 0.008
  0.011 0.106 0.031 0.015 0.002 0.006 0.006 0.001 0.036 0.022 0.268 0.029
  0.025 0.005 0.007 0.123 0.007 0.009 0.009 0.018 0.01  0.017 0.027 0.043
  0.044 0.036 0.008 0.457 0.019 0.023 0.009 0.048 0.027 0.022 0.024 0.008
  0.017 0.017 0.001 0.011 0.011 0.019 0.011 0.047 0.014 0.013 0.031 0.006
  0.011 0.021 0.082 0.008 0.032 0.004 0.002 0.01  0.016 0.037 0.017 0.27
  0.078 0.045 0.012 0.451 0.488 0.013 0.029 0.013 0.097 0.063 0.035 0.013
  0.003 0.112 0.055 0.032 0.087 0.223 0.094 0.109 0.092 0.097 0.028 0.13
  0.003 0.054 0.082 0.039 0.05  0.12  0.153 0.043 0.063 0.042 0.048 0.038
  0.109 0.096 0.038 0.048 0.084 0.079 0.031 0.11  0.023 0.099 0.055 0.037
  0.111 0.086 0.149 0.145 0.118 0.06  0.179 0.048 0.056 0.017 0.041 0.044
  0.059 0.18  0.15  0.064 0.27  0.079 0.04  0.034 0.107 0.09  0.082 0.034
  0.096 0.144 0.075 0.077 0.062 0.059 0.043 0.031 0.092 0.03  0.064 0.017
  0.042 0.053 0.044 0.043 0.056 0.25  0.015 0.072 0.029 0.052 0.214 0.056
  0.036 0.119 0.038 0.085 0.152 0.086 0.301 0.098 0.023 0.159 0.037 0.134
  0.004 0.012 0.002 0.026 0.002 0.011 0.014 0.007 0.005 0.017 0.008 0.014
  0.012 0.044 0.002 0.009 0.109 0.014 0.051 0.004 0.002 0.004 0.002 0.021
  0.011 0.037 0.01  0.006 0.005 0.009 0.054 0.    0.001 0.006 0.008 0.011
  0.003 0.001 0.001 0.006 0.027 0.007 0.    0.006 0.004 0.005 0.019 0.006
  0.001 0.005 0.009 0.002 0.006 0.006 0.02  0.003 0.001 0.006 0.007 0.009
  0.002 0.01  0.004 0.001 0.007 0.03  0.027 0.011 0.013 0.031 0.004 0.005
  0.011 0.006 0.007 0.003 0.002 0.009 0.002 0.007 0.011 0.034 0.008 0.
  0.002 0.012 0.006 0.001 0.005 0.053 0.002 0.004 0.026 0.044 0.012 0.035
  0.006 0.043 0.004 0.017 0.277]
 [0.067 0.01  0.019 0.038 0.026 0.058 0.247 0.014 0.031 0.014 0.047 0.104
  0.072 0.031 0.098 0.018 0.028 0.067 0.04  0.239 0.038 0.015 0.09  0.037
  0.025 0.025 0.017 0.034 0.032 0.155 0.03  0.012 0.043 0.144 0.018 0.027
  0.018 0.08  0.052 0.204 0.047 0.007 0.037 0.025 0.214 0.082 0.063 0.058
  0.157 0.025 0.04  0.018 0.055 0.031 0.108 0.041 0.02  0.014 0.012 0.012
  0.01  0.042 0.019 0.04  0.016 0.011 0.104 0.085 0.045 0.098 0.082 0.08
  0.053 0.061 0.034 0.136 0.033 0.044 0.089 0.009 0.009 0.04  0.097 0.027
  0.041 0.024 0.021 0.016 0.135 0.008 0.015 0.05  0.021 0.06  0.008 0.018
  0.099 0.05  0.064 0.034 0.976 0.948 0.746 0.976 0.832 0.784 0.678 0.707
  0.606 0.982 0.727 0.399 0.896 0.348 0.966 0.922 0.852 0.365 0.405 0.65
  0.855 0.849 0.859 0.824 0.929 0.945 0.956 0.12  0.663 0.945 0.315 0.877
  0.914 0.719 0.805 0.638 0.678 0.895 0.558 0.637 0.954 0.987 0.9   0.716
  0.923 0.969 0.791 0.679 0.764 0.975 0.964 0.033 0.915 0.978 0.955 0.733
  0.933 0.963 0.725 0.771 0.859 0.916 0.273 0.903 0.941 0.824 0.974 0.577
  0.471 0.89  0.715 0.184 0.509 0.956 0.991 0.444 0.737 0.898 0.852 0.409
  0.884 0.82  0.875 0.795 0.775 0.789 0.915 0.932 0.648 0.82  0.483 0.369
  0.731 0.345 0.834 0.93  0.716 0.777 0.88  0.501 0.053 0.009 0.022 0.007
  0.002 0.001 0.001 0.005 0.005 0.024 0.004 0.002 0.013 0.003 0.014 0.088
  0.006 0.009 0.097 0.066 0.257 0.001 0.001 0.022 0.001 0.291 0.022 0.014
  0.004 0.005 0.001 0.016 0.023 0.003 0.18  0.09  0.006 0.02  0.015 0.005
  0.02  0.019 0.004 0.006 0.048 0.004 0.01  0.001 0.023 0.011 0.006 0.007
  0.01  0.015 0.002 0.096 0.04  0.008 0.005 0.257 0.002 0.014 0.008 0.001
  0.006 0.021 0.012 0.014 0.012 0.022 0.007 0.004 0.01  0.014 0.003 0.007
  0.001 0.024 0.001 0.006 0.069 0.008 0.023 0.066 0.008 0.012 0.032 0.004
  0.003 0.005 0.014 0.001 0.011 0.012 0.011 0.014 0.079 0.006 0.003 0.006
  0.023 0.613 0.202 0.034 0.006 0.002 0.093 0.133 0.004 0.013 0.012 0.001
  0.001 0.024 0.068 0.007 0.214 0.109 0.127 0.027 0.008 0.007 0.019 0.028
  0.171 0.028 0.003 0.01  0.009 0.005 0.001 0.011 0.007 0.029 0.01  0.006
  0.005 0.004 0.025 0.004 0.027 0.01  0.002 0.004 0.004 0.076 0.039 0.007
  0.003 0.002 0.005 0.004 0.003 0.017 0.003 0.004 0.02  0.06  0.004 0.046
  0.016 0.027 0.001 0.002 0.004 0.003 0.004 0.003 0.002 0.004 0.002 0.047
  0.008 0.011 0.011 0.004 0.077 0.004 0.001 0.001 0.002 0.001 0.009 0.001
  0.006 0.004 0.001 0.011 0.002 0.03  0.011 0.077 0.009 0.048 0.005 0.008
  0.004 0.015 0.017 0.004 0.094 0.01  0.033 0.045 0.059 0.058 0.069 0.005
  0.154 0.019 0.075 0.056 0.109 0.084 0.455 0.026 0.034 0.014 0.071 0.02
  0.088 0.073 0.022 0.099 0.062 0.159 0.167 0.036 0.057 0.071 0.366 0.079
  0.099 0.048 0.16  0.04  0.051 0.072 0.02  0.051 0.084 0.329 0.159 0.428
  0.054 0.022 0.073 0.307 0.102 0.077 0.152 0.046 0.137 0.069 0.084 0.008
  0.043 0.255 0.1   0.132 0.02  0.066 0.069 0.064 0.108 0.225 0.168 0.279
  0.039 0.048 0.021 0.061 0.165 0.129 0.273 0.036 0.023 0.161 0.146 0.149
  0.088 0.107 0.148 0.028 0.127 0.028 0.043 0.085 0.131 0.133 0.12  0.037
  0.149 0.052 0.357 0.29  0.223 0.033 0.044 0.131 0.22  0.023 0.048 0.047
  0.403 0.057 0.079 0.232 0.172 0.181 0.097 0.078 0.094 0.026 0.021 0.059
  0.01  0.011 0.059 0.05  0.03  0.033 0.02  0.064 0.051 0.363 0.023 0.105
  0.038 0.05  0.043 0.16  0.021 0.048 0.048 0.095 0.182 0.031 0.136 0.027
  0.014 0.057 0.026 0.111 0.099 0.109 0.348 0.114 0.016 0.021 0.143 0.053
  0.088 0.024 0.017 0.112 0.162 0.016 0.069 0.041 0.011 0.042 0.077 0.057
  0.006 0.054 0.006 0.044 0.042 0.023 0.15  0.055 0.198 0.011 0.065 0.02
  0.075 0.084 0.052 0.042 0.13  0.042 0.029 0.13  0.076 0.169 0.06  0.015
  0.042 0.116 0.05  0.021 0.089 0.041 0.068 0.094 0.09  0.123 0.227 0.07
  0.017 0.063 0.011 0.022 0.059 0.13  0.011 0.021 0.021 0.108 0.019 0.028
  0.02  0.02  0.1   0.025 0.048 0.015 0.008 0.032 0.008 0.009 0.06  0.036
  0.022 0.007 0.019 0.181 0.126 0.077 0.027 0.025 0.092 0.03  0.257 0.201
  0.021 0.017 0.01  0.011 0.041 0.115 0.052 0.059 0.074 0.055 0.099 0.081
  0.116 0.064 0.047 0.113 0.075 0.129 0.111 0.154 0.085 0.034 0.046 0.027
  0.025 0.307 0.022 0.149 0.016 0.021 0.067 0.058 0.068 0.028 0.011 0.029
  0.097 0.097 0.098 0.036 0.075 0.066 0.114 0.094 0.134 0.518 0.057 0.069
  0.022 0.072 0.033 0.007 0.113 0.15  0.109 0.003 0.236 0.005 0.007 0.051
  0.462 0.359 0.033 0.252 0.006 0.004 0.008 0.043 0.001 0.049 0.001 0.002
  0.048 0.144 0.002 0.03  0.026 0.001 0.002 0.007 0.006 0.001 0.015 0.005
  0.001 0.009 0.    0.005 0.    0.054 0.002 0.047 0.002 0.016 0.001 0.002
  0.003 0.03  0.06  0.006 0.    0.001 0.001 0.    0.485 0.01  0.022 0.833
  0.013 0.005 0.095 0.009 0.003 0.002 0.002 0.005 0.004 0.009 0.018 0.053
  0.348 0.038 0.001 0.055 0.009 0.017 0.002 0.016 0.02  0.013 0.017 0.002
  0.001 0.014 0.007 0.002 0.005 0.008 0.002 0.024 0.023 0.005 0.01  0.003
  0.005 0.066 0.032 0.002 0.238 0.001 0.    0.005 0.006 0.015 0.003 0.016
  0.01  0.033 0.006 0.047 0.065 0.004 0.018 0.037 0.058 0.287 0.336 0.212
  0.011 0.284 0.205 0.2   0.137 0.102 0.16  0.272 0.071 0.245 0.31  0.129
  0.02  0.137 0.072 0.278 0.202 0.111 0.105 0.372 0.486 0.33  0.274 0.48
  0.124 0.354 0.508 0.242 0.092 0.381 0.37  0.164 0.146 0.335 0.23  0.302
  0.055 0.306 0.132 0.374 0.232 0.226 0.178 0.269 0.468 0.399 0.447 0.478
  0.388 0.263 0.248 0.273 0.129 0.364 0.378 0.499 0.342 0.379 0.223 0.596
  0.154 0.33  0.201 0.31  0.384 0.226 0.089 0.4   0.099 0.565 0.359 0.436
  0.134 0.365 0.381 0.076 0.422 0.092 0.562 0.135 0.389 0.161 0.084 0.414
  0.059 0.078 0.111 0.272 0.127 0.258 0.135 0.079 0.306 0.035 0.22  0.086
  0.116 0.394 0.085 0.121 0.159 0.093 0.245 0.409 0.479 0.092 0.389 0.158
  0.437 0.209 0.618 0.628 0.368 0.351 0.064 0.419 0.159 0.261 0.122 0.397
  0.116 0.278 0.277 0.581 0.395 0.057 0.474 0.058 0.277 0.52  0.33  0.6
  0.084 0.117 0.071 0.124 0.409 0.127 0.16  0.395 0.176 0.076 0.18  0.208
  0.224 0.147 0.12  0.06  0.084 0.374 0.193 0.342 0.206 0.248 0.123 0.178
  0.461 0.197 0.23  0.131 0.095 0.294 0.508 0.149 0.024 0.449 0.097 0.212
  0.157 0.083 0.107 0.08  0.127 0.111 0.261 0.154 0.163 0.146 0.334 0.283
  0.116 0.228 0.292 0.06  0.709 0.15  0.548 0.272 0.084 0.033 0.172 0.158
  0.645 0.098 0.163 0.039 0.088]
 [0.515 0.867 0.771 0.719 0.548 0.634 0.312 0.797 0.753 0.85  0.588 0.607
  0.461 0.626 0.628 0.882 0.819 0.053 0.563 0.229 0.673 0.892 0.624 0.764
  0.728 0.137 0.496 0.857 0.872 0.644 0.822 0.767 0.606 0.563 0.851 0.84
  0.91  0.741 0.463 0.663 0.712 0.92  0.836 0.883 0.403 0.541 0.538 0.658
  0.67  0.755 0.733 0.623 0.694 0.74  0.07  0.75  0.716 0.666 0.821 0.523
  0.806 0.517 0.905 0.745 0.711 0.796 0.232 0.459 0.65  0.712 0.696 0.64
  0.747 0.863 0.348 0.56  0.771 0.858 0.666 0.912 0.917 0.676 0.363 0.813
  0.688 0.131 0.566 0.812 0.473 0.62  0.84  0.884 0.329 0.762 0.854 0.677
  0.009 0.722 0.799 0.82  0.01  0.009 0.015 0.005 0.03  0.034 0.037 0.096
  0.007 0.006 0.144 0.135 0.039 0.058 0.016 0.008 0.036 0.318 0.061 0.003
  0.008 0.004 0.024 0.029 0.015 0.004 0.008 0.009 0.148 0.014 0.021 0.069
  0.05  0.098 0.019 0.205 0.133 0.006 0.214 0.232 0.006 0.002 0.022 0.153
  0.026 0.009 0.031 0.139 0.076 0.009 0.013 0.042 0.022 0.005 0.008 0.049
  0.015 0.009 0.009 0.054 0.042 0.028 0.031 0.022 0.004 0.037 0.004 0.086
  0.016 0.01  0.043 0.011 0.115 0.01  0.002 0.04  0.016 0.041 0.005 0.18
  0.008 0.101 0.008 0.041 0.074 0.029 0.022 0.011 0.145 0.026 0.17  0.023
  0.053 0.072 0.022 0.04  0.047 0.106 0.028 0.235 0.012 0.014 0.105 0.066
  0.016 0.008 0.024 0.091 0.002 0.005 0.029 0.01  0.072 0.001 0.079 0.006
  0.001 0.004 0.489 0.015 0.136 0.023 0.016 0.001 0.014 0.083 0.007 0.01
  0.012 0.002 0.008 0.005 0.043 0.099 0.083 0.176 0.019 0.014 0.523 0.017
  0.04  0.111 0.082 0.205 0.183 0.065 0.028 0.007 0.009 0.113 0.013 0.008
  0.1   0.042 0.013 0.067 0.024 0.062 0.111 0.108 0.009 0.104 0.015 0.017
  0.03  0.027 0.197 0.057 0.175 0.03  0.018 0.081 0.017 0.172 0.025 0.047
  0.01  0.132 0.007 0.133 0.157 0.09  0.24  0.075 0.108 0.116 0.368 0.048
  0.076 0.136 0.054 0.025 0.162 0.07  0.049 0.02  0.476 0.023 0.036 0.362
  0.021 0.036 0.025 0.038 0.023 0.011 0.042 0.091 0.026 0.088 0.037 0.016
  0.007 0.04  0.067 0.017 0.034 0.068 0.075 0.038 0.07  0.03  0.031 0.021
  0.111 0.055 0.011 0.018 0.083 0.01  0.011 0.032 0.015 0.032 0.031 0.015
  0.013 0.039 0.026 0.011 0.012 0.022 0.009 0.013 0.009 0.082 0.038 0.019
  0.013 0.012 0.011 0.013 0.024 0.033 0.014 0.012 0.06  0.029 0.024 0.046
  0.062 0.038 0.008 0.011 0.017 0.028 0.019 0.022 0.017 0.021 0.014 0.044
  0.025 0.027 0.02  0.019 0.078 0.014 0.007 0.008 0.016 0.01  0.103 0.006
  0.03  0.013 0.009 0.087 0.013 0.066 0.158 0.407 0.041 0.093 0.015 0.043
  0.149 0.112 0.061 0.056 0.045 0.009 0.012 0.017 0.031 0.038 0.005 0.009
  0.058 0.024 0.026 0.006 0.021 0.029 0.013 0.027 0.03  0.047 0.026 0.015
  0.014 0.011 0.01  0.04  0.067 0.374 0.155 0.007 0.013 0.016 0.062 0.049
  0.008 0.008 0.007 0.005 0.005 0.011 0.004 0.012 0.003 0.018 0.013 0.028
  0.011 0.02  0.029 0.026 0.004 0.005 0.449 0.015 0.006 0.115 0.02  0.016
  0.013 0.029 0.003 0.022 0.009 0.004 0.061 0.01  0.005 0.033 0.072 0.015
  0.033 0.022 0.01  0.045 0.024 0.013 0.077 0.011 0.002 0.074 0.12  0.013
  0.035 0.044 0.036 0.016 0.008 0.029 0.183 0.051 0.027 0.069 0.01  0.003
  0.026 0.015 0.099 0.039 0.088 0.079 0.016 0.015 0.071 0.051 0.331 0.261
  0.115 0.09  0.03  0.37  0.218 0.499 0.186 0.341 0.379 0.531 0.035 0.136
  0.015 0.025 0.055 0.046 0.085 0.032 0.064 0.078 0.02  0.052 0.034 0.233
  0.258 0.135 0.224 0.088 0.172 0.159 0.015 0.046 0.252 0.088 0.022 0.025
  0.082 0.019 0.103 0.015 0.057 0.052 0.233 0.022 0.015 0.024 0.094 0.034
  0.018 0.012 0.015 0.11  0.198 0.016 0.013 0.036 0.014 0.035 0.007 0.012
  0.018 0.017 0.03  0.11  0.055 0.034 0.084 0.047 0.278 0.024 0.037 0.02
  0.009 0.175 0.15  0.05  0.19  0.075 0.258 0.052 0.077 0.057 0.094 0.053
  0.022 0.019 0.057 0.029 0.072 0.049 0.047 0.084 0.049 0.099 0.1   0.063
  0.038 0.059 0.056 0.085 0.314 0.063 0.052 0.065 0.074 0.013 0.047 0.016
  0.089 0.015 0.085 0.012 0.034 0.015 0.01  0.022 0.006 0.018 0.544 0.545
  0.036 0.02  0.013 0.153 0.038 0.028 0.028 0.032 0.032 0.012 0.059 0.06
  0.024 0.009 0.01  0.015 0.015 0.013 0.032 0.043 0.098 0.015 0.014 0.033
  0.017 0.051 0.034 0.014 0.131 0.125 0.014 0.025 0.06  0.021 0.02  0.024
  0.022 0.033 0.022 0.027 0.024 0.031 0.08  0.017 0.017 0.024 0.031 0.008
  0.287 0.026 0.022 0.016 0.014 0.04  0.022 0.012 0.611 0.038 0.015 0.352
  0.034 0.089 0.011 0.027 0.55  0.041 0.02  0.028 0.013 0.012 0.034 0.022
  0.081 0.044 0.018 0.007 0.071 0.264 0.063 0.073 0.022 0.08  0.032 0.038
  0.105 0.586 0.04  0.089 0.062 0.025 0.019 0.022 0.062 0.023 0.083 0.049
  0.031 0.066 0.01  0.096 0.019 0.096 0.039 0.051 0.031 0.101 0.028 0.036
  0.054 0.055 0.123 0.085 0.02  0.032 0.024 0.015 0.061 0.059 0.158 0.025
  0.084 0.074 0.114 0.332 0.041 0.05  0.037 0.05  0.025 0.036 0.045 0.132
  0.085 0.055 0.038 0.094 0.101 0.084 0.051 0.081 0.102 0.081 0.039 0.053
  0.022 0.071 0.037 0.031 0.074 0.087 0.04  0.154 0.103 0.154 0.053 0.076
  0.082 0.062 0.076 0.043 0.122 0.028 0.027 0.063 0.065 0.066 0.043 0.123
  0.037 0.386 0.079 0.05  0.049 0.029 0.08  0.075 0.506 0.246 0.303 0.358
  0.046 0.185 0.349 0.377 0.397 0.215 0.353 0.208 0.468 0.264 0.288 0.362
  0.041 0.42  0.488 0.267 0.358 0.376 0.382 0.103 0.064 0.104 0.11  0.084
  0.389 0.072 0.076 0.108 0.387 0.073 0.094 0.336 0.224 0.072 0.118 0.107
  0.458 0.076 0.329 0.065 0.275 0.12  0.063 0.238 0.086 0.258 0.082 0.075
  0.168 0.186 0.211 0.111 0.046 0.127 0.219 0.077 0.072 0.11  0.319 0.079
  0.346 0.141 0.371 0.235 0.154 0.331 0.539 0.278 0.438 0.089 0.119 0.247
  0.425 0.23  0.243 0.156 0.105 0.3   0.132 0.413 0.247 0.401 0.334 0.116
  0.369 0.434 0.475 0.229 0.327 0.267 0.133 0.475 0.307 0.536 0.356 0.409
  0.04  0.05  0.012 0.075 0.01  0.093 0.079 0.012 0.019 0.097 0.055 0.078
  0.036 0.17  0.007 0.049 0.415 0.054 0.189 0.008 0.006 0.017 0.009 0.106
  0.017 0.294 0.021 0.035 0.009 0.029 0.064 0.004 0.006 0.017 0.02  0.051
  0.019 0.007 0.006 0.055 0.05  0.07  0.004 0.025 0.024 0.026 0.169 0.013
  0.009 0.029 0.097 0.02  0.02  0.015 0.069 0.019 0.01  0.02  0.029 0.057
  0.012 0.035 0.017 0.006 0.03  0.174 0.062 0.092 0.103 0.026 0.024 0.027
  0.067 0.046 0.037 0.009 0.034 0.051 0.009 0.057 0.041 0.173 0.019 0.002
  0.009 0.02  0.024 0.005 0.02  0.426 0.004 0.034 0.09  0.247 0.013 0.045
  0.02  0.042 0.019 0.022 0.174]]
[0. 0. 0. 0. 0. 0. 0. 0. 0. 0.]
