------Prediction-------
[[0.008 0.    0.    0.002 0.002 0.004 0.001 0.001 0.001 0.001 0.002 0.001
  0.001 0.001 0.002 0.    0.001 0.002 0.002 0.003 0.001 0.001 0.001 0.001
  0.    0.    0.002 0.    0.001 0.001 0.006 0.001 0.042 0.021 0.001 0.001
  0.    0.001 0.001 0.001 0.    0.    0.001 0.    0.005 0.001 0.001 0.001
  0.    0.    0.    0.    0.002 0.001 0.003 0.003 0.006 0.    0.002 0.
  0.001 0.002 0.001 0.013 0.001 0.    0.004 0.002 0.004 0.001 0.002 0.017
  0.001 0.001 0.001 0.    0.001 0.002 0.    0.    0.    0.009 0.004 0.
  0.001 0.    0.012 0.    0.    0.003 0.001 0.001 0.001 0.    0.001 0.002
  0.001 0.004 0.001 0.001 0.    0.    0.001 0.001 0.001 0.001 0.001 0.001
  0.001 0.    0.001 0.001 0.    0.001 0.    0.    0.    0.002 0.002 0.
  0.    0.    0.001 0.001 0.    0.001 0.    0.002 0.    0.    0.001 0.
  0.    0.001 0.    0.001 0.    0.001 0.    0.    0.    0.    0.    0.
  0.    0.    0.001 0.001 0.    0.    0.    0.006 0.005 0.    0.004 0.001
  0.005 0.    0.    0.001 0.001 0.001 0.005 0.    0.001 0.003 0.001 0.001
  0.005 0.006 0.005 0.001 0.001 0.    0.    0.001 0.005 0.    0.001 0.
  0.001 0.    0.001 0.    0.002 0.    0.001 0.002 0.002 0.    0.    0.002
  0.002 0.002 0.001 0.    0.001 0.001 0.    0.001 0.    0.    0.001 0.
  0.    0.    0.    0.    0.    0.    0.    0.    0.    0.    0.    0.
  0.    0.    0.    0.    0.001 0.    0.    0.    0.    0.    0.    0.
  0.    0.    0.    0.    0.    0.    0.    0.    0.    0.    0.001 0.
  0.    0.    0.    0.    0.001 0.    0.    0.    0.    0.    0.    0.
  0.    0.    0.    0.    0.    0.001 0.    0.003 0.    0.001 0.    0.
  0.    0.    0.    0.    0.    0.    0.    0.    0.    0.    0.    0.
  0.    0.    0.    0.    0.001 0.    0.    0.    0.    0.001 0.001 0.
  0.    0.    0.    0.    0.001 0.    0.    0.    0.    0.    0.    0.
  0.    0.011 0.006 0.007 0.004 0.001 0.003 0.011 0.001 0.015 0.002 0.001
  0.002 0.015 0.003 0.004 0.009 0.011 0.018 0.011 0.004 0.02  0.006 0.009
  0.004 0.008 0.002 0.002 0.007 0.002 0.    0.013 0.003 0.004 0.008 0.004
  0.002 0.001 0.003 0.002 0.002 0.003 0.002 0.004 0.001 0.006 0.005 0.002
  0.003 0.002 0.001 0.001 0.002 0.005 0.001 0.001 0.005 0.001 0.005 0.005
  0.001 0.004 0.002 0.    0.006 0.001 0.014 0.004 0.002 0.001 0.003 0.008
  0.004 0.002 0.002 0.004 0.006 0.002 0.001 0.003 0.007 0.006 0.001 0.
  0.018 0.001 0.    0.01  0.001 0.005 0.003 0.007 0.002 0.005 0.002 0.007
  0.005 0.004 0.002 0.002 0.008 0.005 0.003 0.012 0.007 0.015 0.004 0.008
  0.006 0.006 0.007 0.003 0.008 0.006 0.005 0.007 0.01  0.02  0.01  0.002
  0.001 0.012 0.001 0.011 0.014 0.001 0.008 0.003 0.003 0.003 0.006 0.01
  0.001 0.002 0.003 0.003 0.002 0.003 0.    0.005 0.001 0.022 0.006 0.006
  0.018 0.01  0.011 0.014 0.002 0.001 0.001 0.015 0.007 0.004 0.005 0.008
  0.012 0.01  0.    0.013 0.003 0.    0.013 0.004 0.001 0.002 0.014 0.
  0.009 0.029 0.002 0.009 0.007 0.005 0.002 0.004 0.002 0.017 0.042 0.012
  0.008 0.01  0.023 0.002 0.001 0.007 0.004 0.007 0.012 0.005 0.009 0.
  0.022 0.003 0.015 0.017 0.021 0.014 0.006 0.002 0.001 0.018 0.    0.001
  0.    0.001 0.    0.    0.    0.001 0.001 0.    0.    0.001 0.    0.001
  0.    0.006 0.001 0.001 0.    0.    0.004 0.011 0.    0.017 0.001 0.001
  0.001 0.001 0.001 0.003 0.001 0.001 0.    0.004 0.005 0.    0.005 0.001
  0.002 0.008 0.001 0.    0.001 0.009 0.002 0.    0.003 0.    0.005 0.
  0.008 0.001 0.    0.001 0.002 0.001 0.001 0.002 0.001 0.    0.001 0.
  0.001 0.    0.005 0.003 0.004 0.007 0.    0.005 0.001 0.001 0.001 0.001
  0.    0.004 0.002 0.001 0.    0.005 0.007 0.001 0.002 0.001 0.002 0.004
  0.    0.    0.001 0.007 0.001 0.003 0.003 0.001 0.001 0.013 0.009 0.004
  0.001 0.    0.001 0.001 0.003 0.001 0.001 0.002 0.003 0.004 0.001 0.009
  0.004 0.    0.001 0.    0.015 0.    0.    0.    0.    0.    0.002 0.
  0.001 0.002 0.    0.002 0.001 0.    0.    0.003 0.001 0.    0.    0.003
  0.002 0.005 0.    0.    0.    0.    0.    0.002 0.008 0.    0.001 0.
  0.001 0.001 0.003 0.002 0.004 0.    0.008 0.005 0.    0.    0.    0.001
  0.    0.001 0.    0.002 0.    0.001 0.02  0.    0.    0.    0.001 0.008
  0.    0.    0.    0.001 0.002 0.    0.002 0.003 0.002 0.    0.004 0.001
  0.001 0.005 0.001 0.003 0.001 0.001 0.001 0.001 0.001 0.    0.001 0.002
  0.001 0.003 0.    0.001 0.002 0.002 0.001 0.001 0.002 0.    0.    0.001
  0.001 0.002 0.001 0.003 0.001 0.008 0.    0.    0.002 0.002 0.006 0.
  0.002 0.01  0.    0.006 0.001 0.001 0.001 0.    0.001 0.006 0.    0.
  0.    0.002 0.002 0.    0.001 0.001 0.    0.    0.    0.    0.003 0.001
  0.    0.008 0.003 0.013 0.    0.    0.001 0.001 0.    0.    0.    0.001
  0.    0.    0.    0.    0.002 0.001 0.    0.002 0.001 0.001 0.    0.001
  0.    0.001 0.01  0.    0.002 0.005 0.    0.007 0.003 0.012 0.    0.003
  0.001 0.    0.001 0.    0.002 0.    0.001 0.004 0.002 0.001 0.002 0.001
  0.    0.003 0.002 0.014 0.03  0.001 0.004 0.005 0.001 0.001 0.001 0.002
  0.004 0.002 0.003 0.002 0.001 0.002 0.001 0.002 0.003 0.001 0.002 0.001
  0.021 0.003 0.003 0.005 0.002 0.001 0.001 0.002 0.    0.003 0.001 0.001
  0.001 0.    0.001 0.001 0.01  0.001 0.004 0.001 0.009 0.001 0.001 0.001
  0.004 0.    0.001 0.    0.    0.002 0.    0.012 0.001 0.002 0.001 0.001
  0.001 0.    0.    0.002 0.    0.001 0.002 0.    0.    0.    0.    0.
  0.002 0.    0.002 0.    0.001 0.001 0.003 0.001 0.001 0.001 0.001 0.002
  0.008 0.001 0.001 0.018 0.001 0.001 0.001 0.001 0.001 0.001 0.001 0.
  0.008 0.001 0.002 0.001 0.    0.001 0.005 0.    0.001 0.004 0.001 0.001
  0.015 0.018 0.04  0.045 0.013 0.03  0.013 0.023 0.012 0.029 0.016 0.012
  0.01  0.013 0.01  0.004 0.019 0.016 0.036 0.033 0.026 0.018 0.029 0.017
  0.015 0.028 0.01  0.009 0.011 0.045 0.028 0.012 0.009 0.031 0.035 0.013
  0.027 0.058 0.032 0.014 0.018 0.016 0.011 0.028 0.034 0.038 0.007 0.048
  0.011 0.012 0.039 0.03  0.034 0.038 0.013 0.004 0.008 0.028 0.027 0.018
  0.027 0.048 0.012 0.041 0.047 0.011 0.009 0.003 0.028 0.017 0.033 0.024
  0.038 0.033 0.034 0.036 0.01  0.03  0.016 0.031 0.013 0.05  0.018 0.011
  0.031 0.027 0.009 0.029 0.017 0.033 0.009 0.015 0.016 0.012 0.014 0.011
  0.012 0.017 0.021 0.024 0.001]
 [0.01  0.003 0.001 0.003 0.005 0.006 0.387 0.003 0.015 0.008 0.006 0.002
  0.01  0.003 0.01  0.003 0.015 0.026 0.001 0.021 0.061 0.001 0.002 0.002
  0.003 0.002 0.008 0.002 0.001 0.036 0.008 0.003 0.012 0.003 0.002 0.002
  0.022 0.017 0.022 0.015 0.041 0.001 0.008 0.001 0.015 0.029 0.011 0.018
  0.182 0.074 0.004 0.428 0.005 0.009 0.037 0.008 0.006 0.009 0.004 0.09
  0.001 0.007 0.001 0.007 0.017 0.005 0.056 0.036 0.024 0.001 0.004 0.014
  0.002 0.002 0.028 0.005 0.003 0.002 0.009 0.002 0.007 0.007 0.006 0.002
  0.004 0.003 0.006 0.004 0.009 0.004 0.024 0.001 0.216 0.034 0.011 0.05
  0.01  0.033 0.017 0.006 0.094 0.051 0.062 0.076 0.152 0.262 0.066 0.189
  0.005 0.091 0.084 0.19  0.046 0.086 0.024 0.07  0.113 0.099 0.064 0.018
  0.028 0.052 0.018 0.042 0.007 0.037 0.006 0.059 0.074 0.052 0.083 0.072
  0.014 0.063 0.039 0.02  0.053 0.007 0.052 0.064 0.015 0.016 0.136 0.039
  0.026 0.046 0.033 0.095 0.069 0.01  0.096 0.028 0.107 0.091 0.008 0.15
  0.008 0.021 0.06  0.063 0.403 0.315 0.011 0.228 0.063 0.052 0.028 0.166
  0.063 0.006 0.018 0.046 0.118 0.036 0.006 0.078 0.026 0.016 0.063 0.234
  0.033 0.043 0.035 0.027 0.007 0.03  0.417 0.013 0.151 0.048 0.21  0.034
  0.016 0.113 0.068 0.042 0.007 0.063 0.053 0.109 0.011 0.009 0.006 0.006
  0.002 0.001 0.003 0.016 0.002 0.004 0.053 0.002 0.071 0.002 0.028 0.004
  0.003 0.005 0.351 0.006 0.043 0.003 0.002 0.002 0.002 0.006 0.006 0.002
  0.019 0.002 0.002 0.003 0.003 0.064 0.073 0.025 0.009 0.009 0.019 0.005
  0.017 0.165 0.01  0.044 0.531 0.026 0.028 0.001 0.013 0.031 0.006 0.002
  0.021 0.011 0.009 0.047 0.01  0.029 0.033 0.052 0.005 0.028 0.003 0.006
  0.021 0.018 0.003 0.003 0.122 0.012 0.004 0.032 0.038 0.071 0.003 0.002
  0.003 0.01  0.001 0.003 0.004 0.007 0.154 0.007 0.003 0.061 0.328 0.023
  0.004 0.124 0.003 0.001 0.046 0.003 0.053 0.007 0.452 0.026 0.018 0.235
  0.    0.144 0.058 0.022 0.008 0.    0.023 0.064 0.001 0.013 0.001 0.001
  0.001 0.05  0.226 0.005 0.034 0.129 0.014 0.089 0.003 0.006 0.012 0.045
  0.187 0.064 0.002 0.008 0.009 0.001 0.    0.008 0.003 0.003 0.006 0.002
  0.001 0.    0.003 0.001 0.001 0.004 0.001 0.005 0.002 0.116 0.025 0.
  0.002 0.001 0.001 0.001 0.001 0.004 0.    0.001 0.035 0.001 0.003 0.028
  0.001 0.007 0.001 0.    0.003 0.001 0.005 0.002 0.002 0.001 0.001 0.014
  0.003 0.005 0.002 0.002 0.188 0.004 0.    0.002 0.003 0.002 0.002 0.
  0.013 0.001 0.    0.004 0.    0.002 0.001 0.006 0.001 0.043 0.001 0.007
  0.001 0.001 0.001 0.001 0.004 0.007 0.022 0.035 0.044 0.025 0.009 0.003
  0.002 0.038 0.007 0.015 0.021 0.005 0.066 0.015 0.005 0.017 0.007 0.017
  0.008 0.004 0.003 0.032 0.009 0.012 0.02  0.016 0.01  0.013 0.068 0.008
  0.002 0.009 0.025 0.008 0.002 0.001 0.002 0.009 0.002 0.011 0.023 0.12
  0.006 0.007 0.006 0.054 0.004 0.017 0.008 0.036 0.022 0.001 0.016 0.038
  0.055 0.035 0.006 0.041 0.003 0.005 0.035 0.006 0.008 0.002 0.051 0.004
  0.03  0.023 0.004 0.07  0.008 0.018 0.124 0.007 0.003 0.189 0.078 0.016
  0.014 0.036 0.047 0.002 0.004 0.003 0.001 0.015 0.036 0.041 0.026 0.001
  0.123 0.002 0.169 0.04  0.131 0.009 0.033 0.014 0.028 0.006 0.092 0.023
  0.25  0.005 0.002 0.329 0.287 0.201 0.17  0.147 0.186 0.031 0.002 0.004
  0.001 0.004 0.007 0.006 0.046 0.002 0.005 0.005 0.001 0.013 0.001 0.106
  0.04  0.011 0.009 0.032 0.007 0.023 0.016 0.001 0.002 0.012 0.006 0.002
  0.004 0.012 0.005 0.    0.02  0.004 0.016 0.003 0.    0.    0.004 0.001
  0.01  0.004 0.001 0.023 0.001 0.001 0.002 0.001 0.002 0.002 0.    0.002
  0.001 0.001 0.002 0.002 0.009 0.004 0.088 0.005 0.095 0.    0.005 0.001
  0.    0.075 0.02  0.021 0.005 0.04  0.021 0.013 0.001 0.001 0.019 0.002
  0.001 0.001 0.014 0.003 0.1   0.006 0.023 0.002 0.008 0.028 0.006 0.003
  0.072 0.077 0.038 0.05  0.527 0.102 0.053 0.044 0.074 0.119 0.03  0.05
  0.11  0.09  0.102 0.054 0.019 0.039 0.034 0.016 0.039 0.02  0.243 0.086
  0.078 0.034 0.066 0.091 0.134 0.081 0.019 0.031 0.12  0.078 0.146 0.073
  0.017 0.019 0.053 0.031 0.086 0.138 0.127 0.049 0.029 0.067 0.079 0.082
  0.075 0.043 0.028 0.106 0.049 0.159 0.095 0.114 0.162 0.069 0.068 0.022
  0.076 0.191 0.055 0.068 0.077 0.079 0.144 0.051 0.096 0.116 0.081 0.02
  0.372 0.077 0.037 0.069 0.014 0.038 0.059 0.156 0.007 0.109 0.067 0.007
  0.077 0.128 0.083 0.05  0.009 0.11  0.052 0.004 0.049 0.081 0.032 0.012
  0.294 0.069 0.026 0.054 0.039 0.048 0.007 0.02  0.002 0.02  0.004 0.002
  0.063 0.116 0.001 0.075 0.002 0.004 0.001 0.001 0.002 0.002 0.073 0.009
  0.004 0.021 0.    0.006 0.001 0.041 0.001 0.003 0.001 0.008 0.01  0.
  0.001 0.007 0.002 0.001 0.002 0.001 0.001 0.    0.055 0.003 0.014 0.043
  0.001 0.018 0.041 0.011 0.    0.002 0.001 0.002 0.015 0.002 0.056 0.012
  0.1   0.105 0.001 0.064 0.006 0.005 0.001 0.144 0.007 0.023 0.059 0.001
  0.03  0.015 0.006 0.004 0.002 0.007 0.007 0.03  0.046 0.005 0.002 0.004
  0.002 0.011 0.005 0.    0.044 0.    0.    0.004 0.007 0.001 0.004 0.151
  0.008 0.005 0.008 0.033 0.048 0.006 0.013 0.013 0.726 0.72  0.634 0.536
  0.044 0.63  0.721 0.686 0.72  0.33  0.758 0.586 0.554 0.699 0.67  0.686
  0.078 0.712 0.685 0.635 0.699 0.778 0.712 0.388 0.599 0.365 0.459 0.516
  0.701 0.491 0.405 0.398 0.589 0.471 0.296 0.757 0.324 0.488 0.479 0.423
  0.532 0.569 0.728 0.687 0.801 0.523 0.465 0.434 0.665 0.603 0.638 0.675
  0.639 0.727 0.732 0.493 0.307 0.693 0.668 0.66  0.558 0.699 0.668 0.697
  0.75  0.716 0.482 0.814 0.719 0.609 0.498 0.603 0.775 0.654 0.64  0.45
  0.223 0.662 0.584 0.079 0.629 0.653 0.52  0.673 0.674 0.795 0.647 0.712
  0.258 0.721 0.66  0.753 0.781 0.779 0.049 0.777 0.664 0.368 0.695 0.731
  0.003 0.009 0.012 0.018 0.003 0.011 0.004 0.01  0.004 0.022 0.006 0.004
  0.006 0.003 0.005 0.03  0.029 0.006 0.013 0.014 0.009 0.005 0.012 0.006
  0.007 0.007 0.01  0.006 0.009 0.026 0.023 0.003 0.003 0.019 0.011 0.012
  0.007 0.022 0.017 0.006 0.008 0.003 0.029 0.017 0.016 0.017 0.016 0.037
  0.018 0.012 0.011 0.011 0.022 0.016 0.017 0.002 0.017 0.012 0.012 0.004
  0.007 0.02  0.006 0.016 0.016 0.037 0.039 0.267 0.007 0.013 0.007 0.006
  0.012 0.019 0.009 0.014 0.016 0.008 0.005 0.007 0.003 0.015 0.009 0.006
  0.01  0.011 0.005 0.008 0.01  0.009 0.006 0.005 0.012 0.012 0.009 0.007
  0.006 0.013 0.009 0.008 0.302]
 [0.004 0.001 0.    0.001 0.002 0.004 0.005 0.    0.001 0.002 0.006 0.
  0.007 0.    0.006 0.    0.001 0.008 0.    0.003 0.002 0.001 0.    0.002
  0.    0.    0.    0.    0.    0.001 0.01  0.001 0.02  0.003 0.001 0.
  0.    0.001 0.003 0.001 0.    0.    0.001 0.    0.005 0.    0.003 0.
  0.    0.    0.    0.004 0.006 0.    0.05  0.012 0.004 0.001 0.002 0.
  0.    0.003 0.001 0.041 0.    0.    0.008 0.001 0.006 0.    0.004 0.02
  0.002 0.003 0.001 0.    0.001 0.005 0.    0.    0.    0.002 0.014 0.
  0.    0.    0.046 0.    0.001 0.011 0.    0.    0.001 0.003 0.    0.002
  0.046 0.003 0.001 0.001 0.011 0.03  0.037 0.015 0.02  0.068 0.151 0.027
  0.291 0.013 0.008 0.072 0.007 0.123 0.005 0.025 0.032 0.008 0.02  0.101
  0.04  0.035 0.037 0.015 0.114 0.068 0.069 0.13  0.097 0.044 0.07  0.012
  0.035 0.274 0.084 0.03  0.13  0.273 0.093 0.021 0.087 0.031 0.009 0.037
  0.042 0.01  0.132 0.058 0.034 0.007 0.02  0.206 0.039 0.012 0.081 0.025
  0.073 0.062 0.23  0.041 0.014 0.026 0.038 0.013 0.012 0.022 0.036 0.101
  0.357 0.038 0.138 0.21  0.104 0.016 0.023 0.123 0.076 0.006 0.164 0.034
  0.08  0.005 0.104 0.054 0.065 0.168 0.032 0.037 0.066 0.074 0.028 0.289
  0.015 0.218 0.053 0.008 0.25  0.014 0.014 0.017 0.001 0.    0.    0.
  0.001 0.    0.    0.    0.    0.    0.001 0.    0.001 0.    0.004 0.
  0.    0.    0.003 0.    0.001 0.    0.    0.    0.    0.    0.001 0.
  0.    0.    0.    0.    0.    0.    0.004 0.001 0.    0.    0.001 0.
  0.    0.009 0.001 0.003 0.009 0.022 0.001 0.    0.    0.001 0.    0.
  0.004 0.    0.    0.002 0.    0.233 0.001 0.005 0.    0.012 0.    0.
  0.002 0.002 0.    0.    0.026 0.002 0.    0.007 0.    0.011 0.    0.
  0.    0.001 0.    0.    0.    0.    0.011 0.001 0.    0.003 0.006 0.
  0.    0.002 0.    0.    0.004 0.    0.    0.026 0.003 0.    0.001 0.001
  0.    0.025 0.018 0.006 0.009 0.    0.002 0.01  0.002 0.165 0.002 0.002
  0.001 0.014 0.011 0.001 0.002 0.027 0.021 0.012 0.008 0.023 0.008 0.005
  0.04  0.056 0.001 0.    0.252 0.    0.    0.027 0.    0.004 0.02  0.005
  0.001 0.    0.001 0.001 0.    0.004 0.001 0.001 0.    0.017 0.003 0.
  0.004 0.018 0.    0.001 0.001 0.007 0.    0.001 0.035 0.    0.004 0.003
  0.    0.009 0.001 0.    0.012 0.006 0.006 0.002 0.002 0.001 0.002 0.018
  0.005 0.007 0.001 0.007 0.011 0.002 0.    0.003 0.009 0.011 0.022 0.
  0.063 0.    0.    0.008 0.    0.006 0.001 0.009 0.    0.009 0.    0.001
  0.003 0.001 0.    0.001 0.012 0.076 0.038 0.023 0.169 0.153 0.055 0.133
  0.065 0.268 0.034 0.039 0.063 0.009 0.05  0.122 0.012 0.386 0.26  0.087
  0.004 0.155 0.001 0.23  0.281 0.002 0.006 0.08  0.108 0.254 0.026 0.005
  0.078 0.007 0.019 0.003 0.012 0.096 0.004 0.185 0.021 0.189 0.017 0.047
  0.107 0.029 0.132 0.236 0.009 0.048 0.002 0.118 0.004 0.023 0.027 0.095
  0.081 0.078 0.019 0.137 0.005 0.056 0.116 0.018 0.009 0.027 0.338 0.047
  0.014 0.171 0.009 0.166 0.032 0.014 0.024 0.041 0.037 0.134 0.036 0.031
  0.018 0.132 0.154 0.002 0.049 0.08  0.038 0.045 0.041 0.242 0.141 0.027
  0.027 0.034 0.074 0.048 0.211 0.504 0.212 0.137 0.001 0.087 0.001 0.001
  0.002 0.001 0.005 0.003 0.002 0.003 0.001 0.001 0.    0.001 0.    0.002
  0.001 0.01  0.002 0.012 0.006 0.    0.027 0.099 0.001 0.016 0.003 0.002
  0.001 0.001 0.003 0.012 0.002 0.004 0.005 0.001 0.003 0.001 0.025 0.007
  0.003 0.162 0.004 0.    0.004 0.003 0.007 0.002 0.012 0.009 0.001 0.001
  0.058 0.006 0.001 0.013 0.    0.017 0.009 0.003 0.002 0.001 0.001 0.003
  0.006 0.008 0.093 0.022 0.096 0.095 0.002 0.054 0.001 0.008 0.008 0.02
  0.    0.008 0.011 0.006 0.001 0.057 0.019 0.016 0.002 0.003 0.004 0.022
  0.009 0.001 0.007 0.035 0.002 0.01  0.006 0.001 0.012 0.009 0.003 0.012
  0.162 0.235 0.412 0.104 0.007 0.209 0.171 0.293 0.2   0.035 0.604 0.142
  0.259 0.031 0.078 0.042 0.171 0.057 0.111 0.481 0.01  0.14  0.012 0.014
  0.04  0.125 0.029 0.028 0.282 0.085 0.246 0.17  0.013 0.026 0.088 0.2
  0.222 0.079 0.043 0.159 0.102 0.041 0.033 0.028 0.34  0.088 0.082 0.011
  0.029 0.02  0.048 0.05  0.044 0.009 0.051 0.065 0.02  0.059 0.054 0.368
  0.057 0.035 0.094 0.067 0.073 0.051 0.053 0.073 0.044 0.022 0.058 0.015
  0.023 0.135 0.319 0.024 0.312 0.006 0.015 0.081 0.005 0.036 0.035 0.038
  0.126 0.012 0.018 0.146 0.004 0.036 0.26  0.713 0.463 0.058 0.103 0.103
  0.047 0.075 0.32  0.049 0.522 0.079 0.746 0.568 0.848 0.618 0.856 0.911
  0.577 0.079 0.925 0.064 0.913 0.629 0.935 0.929 0.88  0.882 0.385 0.807
  0.633 0.369 0.971 0.687 0.926 0.512 0.923 0.758 0.949 0.524 0.73  0.966
  0.956 0.743 0.848 0.94  0.859 0.923 0.946 0.933 0.314 0.886 0.376 0.396
  0.969 0.289 0.27  0.008 0.958 0.931 0.932 0.913 0.735 0.884 0.565 0.724
  0.388 0.423 0.926 0.099 0.79  0.868 0.957 0.278 0.828 0.729 0.566 0.913
  0.441 0.76  0.061 0.887 0.858 0.635 0.825 0.46  0.171 0.628 0.912 0.697
  0.863 0.74  0.822 0.959 0.152 0.965 0.933 0.762 0.762 0.912 0.712 0.197
  0.805 0.203 0.735 0.471 0.375 0.74  0.604 0.673 0.002 0.011 0.004 0.002
  0.366 0.015 0.005 0.004 0.007 0.085 0.006 0.02  0.005 0.011 0.005 0.006
  0.067 0.004 0.002 0.005 0.008 0.003 0.003 0.067 0.025 0.087 0.077 0.03
  0.004 0.03  0.065 0.085 0.005 0.033 0.098 0.005 0.027 0.038 0.072 0.09
  0.008 0.034 0.004 0.008 0.003 0.038 0.042 0.015 0.017 0.004 0.018 0.01
  0.016 0.009 0.008 0.053 0.038 0.014 0.007 0.007 0.026 0.012 0.008 0.009
  0.004 0.009 0.03  0.003 0.007 0.019 0.006 0.01  0.002 0.007 0.02  0.012
  0.048 0.015 0.016 0.129 0.016 0.003 0.009 0.009 0.008 0.002 0.003 0.01
  0.024 0.005 0.003 0.007 0.002 0.003 0.134 0.002 0.006 0.01  0.007 0.003
  0.021 0.011 0.058 0.112 0.017 0.024 0.013 0.305 0.035 0.256 0.04  0.162
  0.014 0.004 0.023 0.033 0.042 0.09  0.019 0.126 0.063 0.07  0.22  0.046
  0.505 0.008 0.676 0.156 0.107 0.21  0.293 0.045 0.045 0.079 0.028 0.203
  0.004 0.025 0.045 0.003 0.115 0.022 0.031 0.048 0.045 0.128 0.049 0.018
  0.049 0.162 0.006 0.067 0.147 0.082 0.036 0.101 0.01  0.025 0.194 0.012
  0.011 0.044 0.371 0.079 0.086 0.022 0.174 0.03  0.007 0.615 0.044 0.056
  0.142 0.004 0.022 0.016 0.003 0.031 0.016 0.074 0.001 0.061 0.32  0.09
  0.115 0.191 0.319 0.036 0.074 0.002 0.084 0.019 0.061 0.017 0.287 0.658
  0.078 0.385 0.016 0.112 0.003]
 [0.006 0.016 0.004 0.006 0.013 0.008 0.089 0.004 0.016 0.015 0.017 0.004
  0.008 0.002 0.007 0.006 0.032 0.326 0.005 0.056 0.029 0.004 0.003 0.009
  0.009 0.003 0.005 0.013 0.013 0.011 0.032 0.004 0.056 0.005 0.005 0.004
  0.017 0.008 0.041 0.016 0.035 0.001 0.006 0.001 0.005 0.021 0.067 0.014
  0.025 0.017 0.009 0.166 0.053 0.007 0.283 0.047 0.012 0.007 0.007 0.028
  0.003 0.012 0.004 0.033 0.014 0.014 0.049 0.038 0.022 0.001 0.012 0.048
  0.016 0.008 0.006 0.003 0.013 0.01  0.004 0.005 0.006 0.006 0.007 0.002
  0.004 0.006 0.039 0.006 0.005 0.043 0.012 0.001 0.059 0.023 0.007 0.021
  0.108 0.019 0.024 0.005 0.016 0.016 0.079 0.01  0.022 0.124 0.06  0.052
  0.035 0.016 0.016 0.179 0.011 0.166 0.004 0.041 0.055 0.036 0.054 0.139
  0.024 0.055 0.008 0.03  0.007 0.033 0.007 0.552 0.082 0.038 0.25  0.014
  0.012 0.185 0.045 0.027 0.068 0.019 0.087 0.05  0.02  0.009 0.01  0.031
  0.026 0.014 0.036 0.054 0.05  0.001 0.02  0.636 0.034 0.014 0.011 0.038
  0.007 0.011 0.231 0.031 0.044 0.082 0.018 0.025 0.006 0.007 0.026 0.116
  0.117 0.004 0.027 0.421 0.189 0.009 0.003 0.456 0.09  0.002 0.104 0.125
  0.024 0.013 0.054 0.017 0.007 0.033 0.086 0.009 0.112 0.022 0.044 0.294
  0.004 0.219 0.026 0.014 0.01  0.013 0.01  0.022 0.006 0.001 0.003 0.001
  0.001 0.    0.    0.003 0.    0.001 0.006 0.    0.059 0.    0.026 0.001
  0.001 0.002 0.106 0.004 0.014 0.002 0.    0.    0.001 0.007 0.002 0.001
  0.002 0.    0.    0.001 0.002 0.01  0.01  0.005 0.003 0.001 0.016 0.001
  0.002 0.032 0.004 0.046 0.163 0.034 0.007 0.    0.001 0.017 0.001 0.
  0.011 0.002 0.001 0.01  0.002 0.207 0.008 0.056 0.002 0.025 0.001 0.001
  0.004 0.01  0.002 0.001 0.259 0.009 0.001 0.017 0.004 0.034 0.001 0.001
  0.001 0.005 0.    0.002 0.005 0.003 0.077 0.009 0.003 0.063 0.204 0.004
  0.004 0.059 0.001 0.    0.022 0.001 0.004 0.019 0.083 0.002 0.003 0.044
  0.    0.024 0.01  0.022 0.007 0.    0.005 0.043 0.    0.09  0.    0.001
  0.001 0.06  0.048 0.004 0.003 0.026 0.013 0.043 0.004 0.033 0.012 0.023
  0.035 0.061 0.002 0.004 0.024 0.001 0.    0.009 0.002 0.001 0.005 0.001
  0.001 0.    0.001 0.001 0.001 0.002 0.001 0.004 0.001 0.029 0.012 0.001
  0.002 0.002 0.001 0.    0.001 0.003 0.001 0.001 0.043 0.    0.006 0.008
  0.    0.002 0.001 0.    0.003 0.001 0.013 0.001 0.001 0.    0.001 0.008
  0.002 0.001 0.001 0.003 0.05  0.003 0.    0.002 0.006 0.003 0.001 0.
  0.022 0.    0.    0.017 0.    0.01  0.001 0.003 0.    0.018 0.001 0.007
  0.01  0.001 0.    0.001 0.018 0.033 0.089 0.201 0.382 0.054 0.015 0.039
  0.005 0.126 0.014 0.148 0.111 0.005 0.026 0.139 0.023 0.205 0.069 0.145
  0.071 0.017 0.045 0.177 0.067 0.065 0.033 0.158 0.101 0.101 0.158 0.057
  0.009 0.077 0.06  0.034 0.027 0.007 0.034 0.203 0.021 0.131 0.033 0.116
  0.017 0.044 0.025 0.238 0.046 0.192 0.062 0.098 0.079 0.008 0.075 0.116
  0.096 0.064 0.021 0.058 0.025 0.054 0.023 0.035 0.031 0.004 0.105 0.03
  0.141 0.064 0.06  0.104 0.024 0.169 0.387 0.061 0.024 0.15  0.073 0.208
  0.046 0.063 0.071 0.046 0.012 0.006 0.017 0.024 0.15  0.087 0.071 0.008
  0.08  0.017 0.054 0.035 0.12  0.18  0.2   0.084 0.004 0.016 0.012 0.008
  0.015 0.003 0.001 0.056 0.03  0.026 0.027 0.017 0.016 0.016 0.001 0.002
  0.    0.007 0.011 0.012 0.016 0.    0.004 0.012 0.    0.015 0.001 0.018
  0.012 0.004 0.01  0.022 0.009 0.019 0.002 0.001 0.002 0.003 0.001 0.002
  0.002 0.01  0.011 0.    0.003 0.003 0.003 0.    0.001 0.001 0.002 0.
  0.004 0.002 0.    0.008 0.001 0.001 0.001 0.001 0.001 0.001 0.    0.
  0.001 0.001 0.007 0.005 0.014 0.003 0.008 0.009 0.017 0.    0.005 0.002
  0.    0.019 0.014 0.024 0.002 0.035 0.02  0.004 0.001 0.    0.008 0.003
  0.001 0.    0.005 0.006 0.017 0.005 0.01  0.001 0.012 0.08  0.013 0.003
  0.713 0.559 0.493 0.768 0.192 0.606 0.707 0.588 0.628 0.501 0.244 0.453
  0.473 0.824 0.707 0.853 0.443 0.89  0.803 0.475 0.871 0.805 0.33  0.125
  0.818 0.789 0.882 0.592 0.373 0.609 0.709 0.626 0.676 0.866 0.253 0.56
  0.695 0.448 0.88  0.767 0.64  0.724 0.791 0.8   0.267 0.757 0.622 0.786
  0.747 0.812 0.82  0.595 0.593 0.689 0.367 0.694 0.742 0.785 0.787 0.44
  0.814 0.557 0.733 0.748 0.762 0.826 0.232 0.821 0.774 0.83  0.822 0.167
  0.194 0.707 0.49  0.762 0.175 0.375 0.418 0.434 0.007 0.138 0.647 0.107
  0.688 0.329 0.825 0.708 0.009 0.636 0.481 0.159 0.287 0.812 0.826 0.224
  0.303 0.704 0.557 0.373 0.322 0.089 0.168 0.191 0.061 0.247 0.1   0.032
  0.168 0.164 0.025 0.09  0.031 0.145 0.029 0.043 0.02  0.05  0.287 0.138
  0.265 0.036 0.014 0.098 0.041 0.258 0.04  0.039 0.021 0.016 0.177 0.014
  0.017 0.072 0.024 0.011 0.108 0.041 0.038 0.036 0.164 0.06  0.07  0.15
  0.01  0.174 0.062 0.011 0.014 0.043 0.035 0.014 0.147 0.039 0.216 0.046
  0.327 0.255 0.039 0.094 0.042 0.034 0.014 0.38  0.037 0.072 0.223 0.039
  0.311 0.122 0.011 0.069 0.052 0.119 0.141 0.162 0.07  0.131 0.029 0.075
  0.04  0.184 0.033 0.019 0.018 0.019 0.037 0.044 0.073 0.021 0.142 0.247
  0.082 0.027 0.056 0.047 0.041 0.081 0.203 0.105 0.113 0.073 0.054 0.053
  0.141 0.072 0.078 0.078 0.112 0.254 0.095 0.092 0.156 0.069 0.053 0.148
  0.097 0.105 0.104 0.068 0.095 0.091 0.121 0.112 0.104 0.13  0.143 0.069
  0.111 0.059 0.096 0.119 0.132 0.054 0.12  0.095 0.133 0.074 0.137 0.16
  0.22  0.08  0.09  0.043 0.07  0.144 0.073 0.093 0.071 0.052 0.066 0.052
  0.063 0.061 0.052 0.122 0.076 0.072 0.07  0.035 0.091 0.057 0.062 0.06
  0.081 0.049 0.15  0.04  0.055 0.105 0.22  0.071 0.082 0.037 0.114 0.043
  0.114 0.077 0.089 0.123 0.065 0.07  0.031 0.164 0.064 0.058 0.103 0.065
  0.369 0.143 0.118 0.062 0.066 0.045 0.115 0.094 0.064 0.249 0.1   0.107
  0.066 0.087 0.077 0.119 0.037 0.025 0.025 0.102 0.02  0.032 0.047 0.144
  0.032 0.047 0.018 0.053 0.077 0.049 0.097 0.078 0.06  0.066 0.109 0.048
  0.167 0.047 0.048 0.025 0.06  0.081 0.131 0.032 0.022 0.034 0.08  0.052
  0.019 0.053 0.086 0.034 0.075 0.046 0.097 0.016 0.082 0.072 0.055 0.074
  0.08  0.29  0.034 0.036 0.092 0.069 0.021 0.016 0.096 0.032 0.066 0.037
  0.017 0.038 0.055 0.079 0.154 0.067 0.171 0.107 0.058 0.085 0.094 0.066
  0.134 0.006 0.095 0.044 0.087 0.111 0.015 0.078 0.021 0.108 0.067 0.012
  0.076 0.139 0.037 0.055 0.017 0.028 0.053 0.048 0.031 0.073 0.168 0.08
  0.038 0.211 0.042 0.297 0.051]
 [0.181 0.028 0.02  0.064 0.055 0.19  0.075 0.018 0.043 0.08  0.098 0.019
  0.067 0.166 0.271 0.016 0.018 0.001 0.007 0.199 0.2   0.031 0.027 0.054
  0.    0.001 0.053 0.002 0.002 0.234 0.018 0.077 0.003 0.075 0.057 0.035
  0.018 0.106 0.092 0.072 0.003 0.015 0.097 0.024 0.382 0.064 0.049 0.083
  0.116 0.054 0.002 0.008 0.039 0.092 0.013 0.065 0.147 0.098 0.105 0.012
  0.051 0.129 0.041 0.076 0.1   0.026 0.251 0.033 0.242 0.142 0.164 0.046
  0.021 0.081 0.112 0.208 0.014 0.062 0.246 0.003 0.011 0.055 0.47  0.084
  0.166 0.034 0.074 0.057 0.34  0.087 0.036 0.115 0.018 0.029 0.05  0.088
  0.004 0.053 0.04  0.172 0.094 0.052 0.055 0.124 0.077 0.08  0.069 0.066
  0.008 0.045 0.225 0.054 0.104 0.029 0.119 0.027 0.017 0.067 0.086 0.004
  0.035 0.016 0.063 0.039 0.047 0.066 0.017 0.008 0.048 0.011 0.016 0.027
  0.025 0.012 0.014 0.017 0.059 0.052 0.063 0.04  0.036 0.023 0.119 0.185
  0.041 0.011 0.078 0.056 0.052 0.127 0.052 0.008 0.138 0.045 0.033 0.156
  0.064 0.054 0.014 0.022 0.079 0.045 0.034 0.078 0.267 0.221 0.014 0.041
  0.093 0.109 0.044 0.017 0.04  0.019 0.022 0.006 0.027 0.053 0.073 0.02
  0.049 0.029 0.02  0.01  0.067 0.034 0.139 0.077 0.044 0.068 0.024 0.012
  0.102 0.069 0.095 0.029 0.073 0.045 0.024 0.147 0.009 0.008 0.048 0.002
  0.008 0.001 0.001 0.008 0.005 0.013 0.021 0.001 0.008 0.003 0.003 0.006
  0.01  0.009 0.013 0.01  0.211 0.002 0.001 0.003 0.002 0.015 0.021 0.001
  0.007 0.004 0.001 0.01  0.017 0.01  0.008 0.003 0.001 0.003 0.048 0.002
  0.01  0.037 0.001 0.007 0.037 0.068 0.048 0.001 0.006 0.003 0.002 0.001
  0.007 0.001 0.002 0.021 0.004 0.183 0.003 0.158 0.002 0.082 0.001 0.001
  0.004 0.128 0.006 0.076 0.007 0.037 0.001 0.025 0.045 0.011 0.002 0.003
  0.002 0.012 0.    0.004 0.035 0.015 0.31  0.006 0.005 0.009 0.032 0.002
  0.    0.011 0.003 0.001 0.086 0.003 0.004 0.081 0.008 0.002 0.001 0.004
  0.004 0.206 0.224 0.039 0.047 0.018 0.072 0.063 0.016 0.025 0.012 0.179
  0.017 0.042 0.199 0.008 0.103 0.297 0.074 0.093 0.025 0.011 0.037 0.06
  0.35  0.218 0.008 0.011 0.083 0.006 0.013 0.358 0.005 0.03  0.055 0.264
  0.01  0.042 0.016 0.011 0.002 0.029 0.005 0.012 0.006 0.203 0.043 0.002
  0.028 0.017 0.005 0.027 0.026 0.038 0.002 0.011 0.084 0.007 0.009 0.058
  0.041 0.092 0.065 0.007 0.441 0.027 0.017 0.131 0.012 0.119 0.083 0.332
  0.35  0.544 0.023 0.122 0.254 0.021 0.064 0.043 0.087 0.319 0.069 0.006
  0.126 0.002 0.002 0.009 0.043 0.007 0.014 0.027 0.002 0.201 0.002 0.015
  0.001 0.025 0.003 0.003 0.012 0.01  0.009 0.004 0.01  0.017 0.046 0.002
  0.043 0.025 0.064 0.002 0.009 0.197 0.229 0.004 0.043 0.018 0.006 0.007
  0.    0.022 0.    0.018 0.009 0.002 0.142 0.004 0.003 0.008 0.012 0.001
  0.011 0.001 0.008 0.003 0.001 0.005 0.    0.002 0.    0.007 0.141 0.053
  0.063 0.004 0.012 0.026 0.001 0.002 0.002 0.016 0.003 0.005 0.017 0.036
  0.021 0.028 0.002 0.026 0.001 0.001 0.398 0.003 0.003 0.068 0.108 0.003
  0.01  0.028 0.    0.109 0.029 0.001 0.005 0.005 0.003 0.068 0.158 0.002
  0.025 0.023 0.077 0.    0.011 0.052 0.005 0.06  0.017 0.239 0.016 0.
  0.055 0.001 0.271 0.053 0.102 0.012 0.016 0.01  0.817 0.371 0.743 0.546
  0.455 0.869 0.961 0.352 0.553 0.419 0.617 0.643 0.611 0.412 0.978 0.811
  0.977 0.742 0.678 0.865 0.77  0.965 0.849 0.636 0.973 0.596 0.965 0.628
  0.799 0.834 0.782 0.713 0.76  0.83  0.912 0.717 0.668 0.901 0.736 0.938
  0.873 0.582 0.764 0.971 0.858 0.777 0.526 0.937 0.898 0.969 0.41  0.967
  0.781 0.932 0.974 0.555 0.681 0.947 0.914 0.861 0.813 0.89  0.986 0.932
  0.949 0.961 0.794 0.754 0.599 0.723 0.803 0.622 0.78  0.954 0.843 0.881
  0.989 0.748 0.869 0.779 0.754 0.598 0.504 0.66  0.849 0.937 0.866 0.882
  0.952 0.952 0.924 0.836 0.817 0.902 0.897 0.79  0.871 0.512 0.205 0.83
  0.015 0.008 0.013 0.004 0.026 0.024 0.008 0.012 0.019 0.007 0.036 0.025
  0.025 0.004 0.007 0.002 0.006 0.002 0.004 0.006 0.001 0.002 0.009 0.088
  0.005 0.005 0.003 0.003 0.068 0.008 0.004 0.005 0.004 0.003 0.056 0.016
  0.004 0.003 0.003 0.002 0.004 0.007 0.005 0.002 0.013 0.005 0.007 0.001
  0.003 0.002 0.002 0.008 0.004 0.002 0.027 0.013 0.005 0.004 0.003 0.034
  0.003 0.011 0.003 0.005 0.011 0.006 0.067 0.002 0.003 0.003 0.006 0.003
  0.037 0.005 0.006 0.003 0.01  0.002 0.002 0.07  0.218 0.014 0.004 0.014
  0.01  0.055 0.003 0.016 0.126 0.005 0.016 0.004 0.034 0.011 0.004 0.002
  0.067 0.008 0.005 0.004 0.018 0.034 0.006 0.019 0.03  0.016 0.004 0.012
  0.084 0.013 0.017 0.028 0.013 0.069 0.012 0.002 0.028 0.014 0.052 0.009
  0.01  0.17  0.004 0.067 0.004 0.03  0.008 0.002 0.007 0.193 0.011 0.003
  0.008 0.014 0.011 0.019 0.005 0.004 0.003 0.001 0.012 0.009 0.065 0.022
  0.007 0.057 0.275 0.364 0.005 0.005 0.004 0.033 0.01  0.005 0.025 0.096
  0.029 0.033 0.003 0.021 0.056 0.033 0.007 0.06  0.051 0.086 0.026 0.004
  0.011 0.013 0.166 0.009 0.01  0.016 0.008 0.043 0.176 0.022 0.008 0.062
  0.015 0.007 0.023 0.003 0.298 0.003 0.003 0.033 0.022 0.006 0.007 0.045
  0.013 0.006 0.044 0.123 0.171 0.006 0.027 0.022 0.018 0.106 0.103 0.157
  0.124 0.112 0.072 0.058 0.043 0.062 0.056 0.104 0.025 0.098 0.09  0.032
  0.12  0.044 0.023 0.097 0.071 0.035 0.026 0.181 0.073 0.172 0.128 0.194
  0.047 0.144 0.137 0.144 0.064 0.178 0.179 0.047 0.157 0.128 0.124 0.113
  0.041 0.106 0.045 0.106 0.038 0.125 0.124 0.122 0.139 0.099 0.148 0.147
  0.144 0.076 0.082 0.17  0.054 0.115 0.098 0.152 0.093 0.123 0.064 0.096
  0.06  0.104 0.056 0.056 0.101 0.065 0.039 0.077 0.029 0.16  0.092 0.155
  0.122 0.083 0.077 0.102 0.161 0.034 0.174 0.024 0.069 0.049 0.028 0.086
  0.025 0.038 0.029 0.088 0.026 0.07  0.017 0.018 0.07  0.023 0.065 0.03
  0.002 0.002 0.004 0.009 0.001 0.019 0.006 0.008 0.012 0.058 0.006 0.003
  0.009 0.003 0.009 0.029 0.009 0.003 0.004 0.009 0.007 0.003 0.007 0.004
  0.007 0.001 0.035 0.005 0.006 0.033 0.017 0.001 0.001 0.044 0.004 0.009
  0.002 0.007 0.005 0.002 0.005 0.003 0.005 0.043 0.007 0.01  0.076 0.014
  0.005 0.006 0.002 0.005 0.022 0.03  0.035 0.002 0.002 0.015 0.009 0.001
  0.005 0.015 0.007 0.01  0.013 0.018 0.013 0.136 0.003 0.024 0.011 0.006
  0.017 0.021 0.002 0.008 0.001 0.002 0.007 0.01  0.001 0.014 0.01  0.013
  0.005 0.008 0.008 0.004 0.031 0.001 0.005 0.001 0.025 0.007 0.005 0.012
  0.004 0.015 0.015 0.003 0.33 ]
 [0.024 0.009 0.003 0.012 0.005 0.015 0.006 0.002 0.007 0.013 0.015 0.002
  0.004 0.002 0.012 0.004 0.015 0.278 0.163 0.013 0.005 0.025 0.001 0.04
  0.001 0.    0.001 0.007 0.012 0.007 0.066 0.002 0.151 0.093 0.03  0.003
  0.004 0.015 0.06  0.006 0.002 0.001 0.027 0.002 0.032 0.011 0.009 0.008
  0.003 0.001 0.001 0.005 0.02  0.012 0.095 0.067 0.025 0.001 0.009 0.001
  0.001 0.006 0.036 0.238 0.003 0.005 0.087 0.019 0.03  0.008 0.086 0.034
  0.1   0.047 0.001 0.023 0.052 0.049 0.004 0.001 0.003 0.018 0.046 0.002
  0.008 0.    0.203 0.014 0.008 0.012 0.005 0.01  0.001 0.007 0.003 0.009
  0.606 0.015 0.025 0.009 0.003 0.051 0.102 0.013 0.032 0.049 0.173 0.024
  0.273 0.006 0.078 0.036 0.022 0.129 0.008 0.013 0.    0.072 0.251 0.37
  0.068 0.104 0.03  0.099 0.007 0.083 0.016 0.192 0.073 0.02  0.149 0.014
  0.018 0.108 0.023 0.028 0.039 0.127 0.054 0.017 0.064 0.014 0.002 0.022
  0.073 0.03  0.062 0.063 0.006 0.008 0.007 0.029 0.129 0.04  0.3   0.015
  0.119 0.009 0.053 0.085 0.015 0.046 0.517 0.003 0.007 0.007 0.315 0.007
  0.094 0.345 0.378 0.136 0.048 0.027 0.078 0.075 0.328 0.023 0.1   0.002
  0.057 0.011 0.442 0.015 0.159 0.021 0.016 0.057 0.079 0.03  0.007 0.13
  0.074 0.095 0.092 0.044 0.014 0.037 0.009 0.012 0.    0.    0.    0.
  0.    0.    0.    0.    0.    0.    0.    0.    0.    0.    0.    0.
  0.    0.    0.001 0.    0.001 0.    0.    0.    0.    0.    0.    0.
  0.    0.    0.    0.    0.    0.    0.001 0.    0.    0.    0.002 0.
  0.    0.    0.    0.    0.    0.    0.    0.    0.    0.    0.    0.
  0.    0.    0.    0.001 0.    0.001 0.    0.006 0.    0.    0.    0.
  0.    0.    0.    0.    0.002 0.    0.    0.    0.    0.    0.    0.
  0.    0.    0.    0.    0.001 0.    0.    0.001 0.    0.    0.001 0.
  0.    0.    0.    0.    0.001 0.    0.    0.    0.001 0.    0.    0.
  0.    0.136 0.086 0.041 0.005 0.    0.044 0.029 0.    0.003 0.001 0.
  0.    0.027 0.004 0.008 0.083 0.016 0.051 0.015 0.001 0.179 0.014 0.009
  0.003 0.009 0.003 0.003 0.001 0.001 0.    0.008 0.002 0.004 0.021 0.003
  0.001 0.    0.003 0.004 0.006 0.002 0.002 0.006 0.002 0.006 0.007 0.003
  0.005 0.012 0.001 0.    0.001 0.004 0.001 0.001 0.023 0.    0.003 0.006
  0.    0.014 0.    0.    0.002 0.001 0.008 0.    0.    0.    0.    0.02
  0.001 0.001 0.002 0.003 0.006 0.004 0.    0.001 0.001 0.003 0.    0.
  0.023 0.001 0.    0.001 0.    0.005 0.002 0.007 0.    0.006 0.001 0.011
  0.002 0.001 0.    0.001 0.631 0.687 0.656 0.398 0.269 0.539 0.688 0.701
  0.673 0.347 0.676 0.681 0.568 0.511 0.193 0.586 0.265 0.071 0.517 0.633
  0.697 0.648 0.514 0.351 0.437 0.037 0.03  0.633 0.687 0.475 0.243 0.369
  0.684 0.676 0.705 0.575 0.845 0.82  0.847 0.504 0.908 0.429 0.536 0.39
  0.599 0.657 0.674 0.259 0.78  0.611 0.128 0.531 0.331 0.823 0.656 0.283
  0.55  0.519 0.876 0.52  0.665 0.83  0.122 0.739 0.817 0.737 0.191 0.81
  0.217 0.433 0.747 0.382 0.429 0.345 0.086 0.724 0.847 0.186 0.203 0.403
  0.58  0.562 0.408 0.553 0.761 0.566 0.817 0.663 0.392 0.176 0.579 0.929
  0.325 0.863 0.097 0.436 0.168 0.034 0.375 0.559 0.    0.235 0.001 0.006
  0.003 0.    0.    0.009 0.001 0.013 0.002 0.002 0.001 0.01  0.    0.009
  0.    0.005 0.014 0.008 0.    0.001 0.001 0.039 0.    0.03  0.002 0.004
  0.001 0.006 0.009 0.028 0.008 0.003 0.    0.024 0.032 0.    0.031 0.001
  0.003 0.031 0.007 0.    0.003 0.011 0.014 0.    0.023 0.    0.011 0.
  0.012 0.001 0.    0.007 0.005 0.001 0.002 0.002 0.001 0.001 0.001 0.
  0.002 0.001 0.012 0.039 0.027 0.008 0.    0.027 0.006 0.001 0.001 0.004
  0.    0.005 0.004 0.002 0.003 0.017 0.039 0.01  0.014 0.004 0.008 0.021
  0.    0.001 0.001 0.022 0.001 0.008 0.006 0.001 0.011 0.031 0.047 0.044
  0.011 0.027 0.011 0.018 0.003 0.017 0.012 0.011 0.009 0.224 0.01  0.156
  0.024 0.022 0.038 0.022 0.133 0.006 0.028 0.005 0.049 0.02  0.016 0.003
  0.03  0.013 0.002 0.168 0.027 0.007 0.009 0.112 0.038 0.006 0.003 0.042
  0.03  0.317 0.008 0.006 0.016 0.034 0.008 0.03  0.053 0.053 0.158 0.015
  0.043 0.022 0.017 0.137 0.03  0.002 0.205 0.038 0.008 0.034 0.066 0.072
  0.019 0.048 0.03  0.069 0.002 0.014 0.015 0.021 0.018 0.007 0.016 0.459
  0.003 0.027 0.058 0.083 0.334 0.191 0.224 0.123 0.101 0.069 0.139 0.312
  0.006 0.023 0.035 0.006 0.01  0.025 0.083 0.004 0.047 0.012 0.015 0.592
  0.034 0.014 0.053 0.357 0.031 0.012 0.029 0.078 0.005 0.023 0.01  0.001
  0.002 0.104 0.    0.001 0.002 0.006 0.002 0.007 0.004 0.002 0.061 0.006
  0.003 0.017 0.001 0.008 0.001 0.044 0.001 0.039 0.    0.004 0.001 0.001
  0.    0.003 0.032 0.    0.002 0.    0.    0.01  0.009 0.005 0.007 0.024
  0.    0.021 0.057 0.006 0.002 0.001 0.001 0.    0.001 0.001 0.001 0.001
  0.004 0.002 0.005 0.002 0.002 0.001 0.001 0.003 0.001 0.002 0.001 0.012
  0.002 0.016 0.02  0.001 0.003 0.007 0.002 0.007 0.012 0.072 0.    0.002
  0.004 0.012 0.002 0.001 0.002 0.    0.002 0.012 0.003 0.01  0.002 0.002
  0.001 0.436 0.01  0.012 0.025 0.01  0.01  0.04  0.002 0.002 0.009 0.023
  0.109 0.002 0.006 0.01  0.002 0.002 0.001 0.003 0.01  0.002 0.009 0.001
  0.129 0.005 0.005 0.019 0.008 0.002 0.001 0.01  0.001 0.028 0.004 0.003
  0.004 0.001 0.006 0.004 0.007 0.001 0.033 0.001 0.085 0.001 0.003 0.009
  0.009 0.001 0.002 0.    0.001 0.012 0.    0.08  0.001 0.024 0.002 0.002
  0.002 0.    0.001 0.009 0.    0.001 0.013 0.001 0.001 0.001 0.002 0.002
  0.002 0.    0.017 0.001 0.004 0.005 0.021 0.014 0.002 0.003 0.002 0.022
  0.022 0.005 0.01  0.078 0.002 0.001 0.011 0.004 0.011 0.003 0.001 0.001
  0.094 0.002 0.01  0.002 0.001 0.002 0.035 0.001 0.012 0.005 0.008 0.002
  0.406 0.257 0.28  0.276 0.498 0.186 0.195 0.349 0.239 0.02  0.619 0.42
  0.175 0.072 0.379 0.099 0.175 0.651 0.032 0.463 0.518 0.587 0.364 0.614
  0.133 0.202 0.051 0.619 0.644 0.146 0.17  0.699 0.78  0.186 0.181 0.449
  0.073 0.207 0.384 0.162 0.583 0.404 0.582 0.078 0.381 0.434 0.117 0.077
  0.641 0.219 0.109 0.56  0.232 0.248 0.038 0.772 0.446 0.193 0.471 0.403
  0.299 0.199 0.41  0.264 0.142 0.108 0.262 0.026 0.079 0.079 0.241 0.386
  0.273 0.015 0.179 0.069 0.154 0.227 0.21  0.163 0.036 0.174 0.402 0.617
  0.435 0.238 0.464 0.329 0.407 0.044 0.656 0.556 0.005 0.034 0.3   0.104
  0.704 0.011 0.159 0.099 0.001]
 [0.248 0.003 0.007 0.029 0.019 0.036 0.003 0.032 0.015 0.005 0.026 0.02
  0.008 0.046 0.061 0.005 0.005 0.004 0.017 0.106 0.017 0.012 0.024 0.006
  0.015 0.008 0.068 0.001 0.007 0.051 0.024 0.016 0.299 0.225 0.02  0.021
  0.008 0.03  0.007 0.033 0.003 0.014 0.065 0.042 0.162 0.016 0.01  0.011
  0.015 0.026 0.005 0.004 0.021 0.021 0.062 0.017 0.044 0.005 0.028 0.014
  0.014 0.104 0.011 0.035 0.009 0.004 0.047 0.024 0.035 0.056 0.019 0.21
  0.004 0.015 0.089 0.02  0.005 0.01  0.04  0.002 0.036 0.192 0.063 0.01
  0.026 0.049 0.047 0.007 0.033 0.036 0.034 0.064 0.01  0.008 0.031 0.07
  0.001 0.101 0.014 0.031 0.003 0.006 0.014 0.026 0.014 0.007 0.006 0.028
  0.003 0.003 0.009 0.05  0.014 0.02  0.007 0.005 0.002 0.08  0.047 0.001
  0.008 0.012 0.006 0.03  0.017 0.026 0.008 0.002 0.002 0.001 0.018 0.005
  0.002 0.001 0.001 0.005 0.001 0.012 0.002 0.003 0.006 0.002 0.005 0.004
  0.004 0.001 0.012 0.005 0.039 0.008 0.012 0.042 0.076 0.003 0.034 0.095
  0.079 0.022 0.001 0.005 0.004 0.003 0.11  0.006 0.034 0.237 0.003 0.006
  0.021 0.04  0.008 0.005 0.062 0.004 0.014 0.002 0.095 0.005 0.009 0.001
  0.013 0.009 0.002 0.002 0.017 0.006 0.009 0.233 0.018 0.011 0.002 0.01
  0.101 0.016 0.022 0.002 0.043 0.022 0.006 0.007 0.009 0.001 0.013 0.003
  0.002 0.001 0.001 0.001 0.    0.002 0.003 0.    0.013 0.001 0.004 0.003
  0.001 0.004 0.003 0.006 0.025 0.002 0.001 0.001 0.001 0.007 0.002 0.006
  0.001 0.    0.001 0.002 0.005 0.003 0.004 0.001 0.017 0.001 0.006 0.007
  0.002 0.006 0.    0.002 0.006 0.004 0.005 0.001 0.    0.001 0.001 0.002
  0.007 0.002 0.001 0.007 0.015 0.014 0.002 0.014 0.001 0.009 0.001 0.001
  0.002 0.003 0.01  0.01  0.015 0.002 0.011 0.003 0.002 0.002 0.001 0.003
  0.001 0.004 0.    0.005 0.014 0.003 0.011 0.008 0.01  0.022 0.012 0.001
  0.006 0.003 0.007 0.002 0.007 0.006 0.    0.009 0.001 0.    0.    0.001
  0.992 0.07  0.243 0.765 0.885 0.977 0.765 0.67  0.973 0.641 0.977 0.814
  0.976 0.712 0.406 0.944 0.577 0.381 0.679 0.676 0.948 0.541 0.863 0.804
  0.208 0.518 0.969 0.952 0.597 0.982 0.986 0.534 0.969 0.929 0.792 0.699
  0.977 0.955 0.96  0.965 0.944 0.943 0.98  0.942 0.977 0.556 0.871 0.977
  0.935 0.899 0.985 0.967 0.964 0.911 0.992 0.977 0.682 0.986 0.955 0.861
  0.956 0.748 0.926 0.992 0.518 0.947 0.894 0.855 0.976 0.875 0.906 0.475
  0.624 0.389 0.952 0.844 0.445 0.946 0.934 0.94  0.877 0.643 0.892 0.991
  0.663 0.989 0.997 0.928 0.953 0.951 0.97  0.914 0.988 0.658 0.982 0.882
  0.964 0.958 0.988 0.986 0.029 0.024 0.015 0.017 0.014 0.009 0.004 0.014
  0.011 0.013 0.012 0.004 0.043 0.041 0.014 0.009 0.387 0.19  0.013 0.004
  0.001 0.007 0.002 0.029 0.048 0.006 0.083 0.004 0.002 0.003 0.01  0.03
  0.001 0.001 0.009 0.026 0.001 0.001 0.    0.01  0.    0.049 0.009 0.022
  0.018 0.01  0.006 0.015 0.002 0.002 0.003 0.013 0.122 0.008 0.002 0.227
  0.007 0.021 0.    0.009 0.007 0.    0.056 0.03  0.001 0.003 0.014 0.
  0.357 0.053 0.001 0.004 0.029 0.023 0.005 0.02  0.002 0.014 0.075 0.031
  0.045 0.005 0.013 0.002 0.001 0.064 0.002 0.008 0.124 0.009 0.005 0.
  0.071 0.001 0.05  0.048 0.03  0.179 0.01  0.003 0.066 0.096 0.016 0.135
  0.01  0.052 0.018 0.015 0.039 0.011 0.068 0.021 0.039 0.015 0.006 0.025
  0.004 0.16  0.043 0.01  0.004 0.007 0.089 0.121 0.007 0.228 0.004 0.005
  0.009 0.024 0.016 0.043 0.012 0.019 0.005 0.127 0.052 0.004 0.039 0.03
  0.057 0.019 0.012 0.005 0.021 0.061 0.076 0.008 0.043 0.015 0.235 0.003
  0.042 0.008 0.013 0.02  0.152 0.022 0.028 0.103 0.167 0.081 0.005 0.022
  0.019 0.015 0.063 0.041 0.028 0.112 0.004 0.178 0.015 0.028 0.027 0.035
  0.003 0.036 0.017 0.007 0.006 0.072 0.194 0.031 0.025 0.005 0.026 0.021
  0.02  0.017 0.008 0.042 0.015 0.025 0.022 0.156 0.018 0.123 0.135 0.021
  0.004 0.001 0.005 0.008 0.017 0.002 0.011 0.013 0.024 0.004 0.018 0.058
  0.021 0.001 0.003 0.001 0.088 0.001 0.003 0.002 0.    0.    0.013 0.011
  0.003 0.013 0.    0.003 0.003 0.    0.002 0.007 0.004 0.    0.001 0.01
  0.01  0.018 0.    0.002 0.    0.001 0.001 0.013 0.065 0.001 0.001 0.002
  0.003 0.014 0.038 0.002 0.054 0.001 0.088 0.017 0.001 0.    0.    0.003
  0.    0.003 0.001 0.004 0.    0.005 0.337 0.    0.001 0.    0.002 0.023
  0.002 0.    0.    0.002 0.023 0.001 0.004 0.004 0.05  0.006 0.008 0.004
  0.012 0.195 0.002 0.049 0.059 0.006 0.004 0.013 0.004 0.002 0.005 0.002
  0.031 0.026 0.    0.002 0.009 0.022 0.009 0.007 0.016 0.001 0.001 0.02
  0.01  0.008 0.016 0.091 0.011 0.094 0.002 0.001 0.019 0.022 0.026 0.001
  0.064 0.249 0.002 0.058 0.012 0.002 0.014 0.001 0.011 0.151 0.011 0.003
  0.005 0.038 0.005 0.018 0.012 0.02  0.001 0.004 0.001 0.003 0.045 0.004
  0.006 0.383 0.027 0.382 0.003 0.002 0.013 0.019 0.001 0.001 0.001 0.044
  0.001 0.001 0.001 0.004 0.047 0.016 0.005 0.018 0.021 0.017 0.001 0.004
  0.007 0.002 0.675 0.002 0.046 0.141 0.001 0.151 0.38  0.066 0.004 0.133
  0.037 0.    0.02  0.004 0.15  0.004 0.014 0.073 0.048 0.005 0.062 0.011
  0.003 0.007 0.052 0.063 0.096 0.007 0.085 0.063 0.006 0.005 0.01  0.021
  0.017 0.007 0.011 0.011 0.005 0.014 0.007 0.007 0.012 0.006 0.01  0.007
  0.295 0.011 0.013 0.027 0.009 0.006 0.006 0.012 0.002 0.013 0.006 0.01
  0.008 0.008 0.009 0.009 0.067 0.012 0.018 0.006 0.045 0.007 0.005 0.005
  0.013 0.004 0.006 0.004 0.002 0.013 0.007 0.038 0.005 0.016 0.006 0.006
  0.005 0.002 0.003 0.01  0.003 0.004 0.008 0.005 0.004 0.004 0.003 0.003
  0.011 0.003 0.012 0.002 0.01  0.006 0.021 0.008 0.004 0.01  0.003 0.038
  0.259 0.004 0.008 0.314 0.009 0.005 0.015 0.002 0.004 0.005 0.007 0.003
  0.02  0.009 0.009 0.006 0.003 0.005 0.041 0.002 0.006 0.071 0.01  0.01
  0.044 0.052 0.218 0.17  0.142 0.498 0.544 0.066 0.542 0.513 0.014 0.062
  0.263 0.077 0.306 0.296 0.066 0.025 0.59  0.062 0.065 0.04  0.097 0.023
  0.084 0.116 0.038 0.009 0.01  0.303 0.122 0.033 0.01  0.409 0.337 0.02
  0.472 0.182 0.089 0.13  0.026 0.164 0.01  0.66  0.077 0.078 0.352 0.443
  0.008 0.109 0.212 0.056 0.278 0.3   0.692 0.002 0.018 0.491 0.051 0.061
  0.263 0.403 0.023 0.28  0.266 0.28  0.019 0.174 0.378 0.056 0.167 0.194
  0.141 0.813 0.224 0.604 0.039 0.185 0.576 0.435 0.583 0.231 0.031 0.029
  0.114 0.24  0.008 0.234 0.163 0.239 0.038 0.025 0.821 0.698 0.056 0.039
  0.009 0.257 0.495 0.297 0.023]
 [0.015 0.024 0.092 0.013 0.242 0.082 0.182 0.129 0.092 0.064 0.153 0.114
  0.654 0.046 0.096 0.019 0.03  0.003 0.    0.016 0.094 0.006 0.088 0.009
  0.119 0.713 0.268 0.024 0.019 0.022 0.11  0.149 0.03  0.002 0.003 0.048
  0.045 0.01  0.008 0.03  0.322 0.01  0.007 0.002 0.006 0.005 0.114 0.009
  0.05  0.058 0.125 0.226 0.097 0.002 0.058 0.046 0.049 0.265 0.092 0.399
  0.072 0.131 0.005 0.03  0.055 0.023 0.004 0.013 0.042 0.001 0.004 0.137
  0.005 0.008 0.383 0.001 0.003 0.039 0.012 0.027 0.031 0.023 0.013 0.009
  0.005 0.802 0.035 0.004 0.003 0.234 0.04  0.002 0.429 0.303 0.023 0.069
  0.005 0.073 0.007 0.021 0.003 0.    0.003 0.001 0.005 0.003 0.    0.015
  0.    0.002 0.001 0.009 0.004 0.003 0.002 0.009 0.302 0.009 0.001 0.003
  0.002 0.003 0.015 0.003 0.023 0.001 0.001 0.003 0.01  0.009 0.004 0.028
  0.063 0.01  0.007 0.317 0.021 0.    0.032 0.146 0.001 0.001 0.018 0.026
  0.003 0.005 0.    0.004 0.032 0.    0.006 0.019 0.001 0.001 0.    0.002
  0.001 0.001 0.006 0.016 0.008 0.022 0.    0.01  0.012 0.002 0.001 0.269
  0.002 0.    0.005 0.012 0.012 0.002 0.    0.042 0.001 0.001 0.    0.326
  0.001 0.098 0.    0.017 0.009 0.003 0.006 0.    0.018 0.001 0.093 0.009
  0.001 0.002 0.    0.004 0.    0.006 0.006 0.05  0.926 0.967 0.734 0.959
  0.98  0.994 0.984 0.897 0.991 0.958 0.902 0.991 0.815 0.992 0.922 0.95
  0.982 0.972 0.389 0.872 0.352 0.987 0.976 0.992 0.988 0.532 0.949 0.965
  0.961 0.99  0.994 0.964 0.859 0.876 0.791 0.907 0.961 0.97  0.437 0.958
  0.939 0.695 0.968 0.872 0.231 0.791 0.891 0.993 0.964 0.93  0.982 0.979
  0.89  0.946 0.984 0.802 0.914 0.289 0.937 0.323 0.986 0.791 0.972 0.982
  0.929 0.817 0.686 0.748 0.501 0.905 0.959 0.879 0.881 0.794 0.961 0.935
  0.983 0.857 0.996 0.86  0.474 0.894 0.402 0.689 0.726 0.814 0.323 0.954
  0.95  0.792 0.896 0.971 0.763 0.865 0.92  0.844 0.355 0.96  0.95  0.682
  0.    0.001 0.    0.    0.    0.    0.    0.002 0.    0.033 0.    0.
  0.    0.002 0.002 0.    0.    0.001 0.001 0.001 0.001 0.002 0.    0.001
  0.008 0.002 0.    0.    0.011 0.    0.    0.001 0.    0.    0.    0.
  0.    0.    0.    0.    0.    0.    0.    0.    0.    0.001 0.    0.
  0.    0.    0.    0.    0.    0.    0.    0.    0.    0.    0.001 0.
  0.    0.    0.    0.    0.    0.    0.003 0.    0.    0.    0.    0.
  0.001 0.    0.    0.    0.001 0.    0.    0.    0.002 0.    0.    0.
  0.003 0.    0.    0.011 0.    0.001 0.    0.001 0.    0.001 0.    0.
  0.002 0.    0.    0.    0.001 0.001 0.    0.008 0.008 0.008 0.    0.004
  0.    0.002 0.    0.001 0.002 0.    0.003 0.004 0.    0.027 0.006 0.001
  0.    0.004 0.    0.007 0.006 0.049 0.04  0.001 0.002 0.001 0.033 0.003
  0.    0.001 0.    0.    0.    0.001 0.    0.004 0.    0.018 0.    0.001
  0.004 0.004 0.004 0.015 0.001 0.001 0.01  0.009 0.001 0.    0.002 0.001
  0.006 0.002 0.    0.005 0.001 0.    0.002 0.    0.    0.    0.011 0.001
  0.001 0.013 0.001 0.005 0.006 0.007 0.07  0.001 0.    0.026 0.014 0.01
  0.001 0.005 0.012 0.001 0.    0.    0.001 0.001 0.002 0.002 0.005 0.
  0.003 0.001 0.005 0.002 0.013 0.029 0.003 0.001 0.019 0.002 0.009 0.001
  0.027 0.014 0.003 0.005 0.008 0.009 0.006 0.011 0.01  0.002 0.002 0.003
  0.007 0.007 0.002 0.008 0.104 0.001 0.004 0.001 0.004 0.002 0.002 0.023
  0.026 0.002 0.005 0.001 0.005 0.014 0.015 0.    0.002 0.018 0.002 0.007
  0.003 0.037 0.011 0.    0.002 0.004 0.004 0.009 0.    0.    0.002 0.003
  0.009 0.013 0.003 0.059 0.    0.001 0.003 0.001 0.    0.    0.    0.
  0.002 0.    0.001 0.003 0.017 0.001 0.026 0.001 0.001 0.    0.057 0.001
  0.    0.02  0.009 0.053 0.011 0.015 0.004 0.001 0.001 0.002 0.001 0.001
  0.002 0.001 0.004 0.003 0.009 0.002 0.001 0.002 0.001 0.003 0.004 0.001
  0.002 0.008 0.005 0.018 0.155 0.005 0.015 0.015 0.023 0.004 0.002 0.007
  0.032 0.002 0.013 0.004 0.032 0.001 0.001 0.003 0.001 0.001 0.173 0.433
  0.004 0.007 0.005 0.005 0.001 0.064 0.002 0.005 0.023 0.005 0.045 0.025
  0.006 0.005 0.001 0.011 0.018 0.006 0.008 0.018 0.109 0.001 0.001 0.029
  0.02  0.022 0.016 0.005 0.096 0.097 0.002 0.013 0.019 0.003 0.001 0.001
  0.002 0.03  0.01  0.004 0.024 0.005 0.05  0.002 0.011 0.004 0.002 0.003
  0.235 0.001 0.001 0.004 0.001 0.005 0.01  0.007 0.003 0.025 0.006 0.021
  0.05  0.015 0.003 0.008 0.096 0.072 0.002 0.05  0.001 0.003 0.003 0.001
  0.004 0.059 0.001 0.002 0.009 0.505 0.002 0.001 0.015 0.001 0.001 0.01
  0.013 0.115 0.007 0.602 0.007 0.033 0.002 0.001 0.002 0.013 0.007 0.002
  0.01  0.003 0.001 0.044 0.005 0.001 0.006 0.006 0.005 0.003 0.034 0.002
  0.001 0.071 0.005 0.003 0.005 0.007 0.001 0.001 0.055 0.001 0.302 0.056
  0.003 0.006 0.    0.04  0.002 0.002 0.005 0.004 0.012 0.01  0.031 0.003
  0.023 0.045 0.001 0.486 0.002 0.003 0.001 0.067 0.002 0.003 0.024 0.002
  0.119 0.003 0.001 0.004 0.005 0.032 0.002 0.068 0.    0.021 0.016 0.009
  0.002 0.001 0.024 0.001 0.003 0.002 0.002 0.005 0.023 0.004 0.051 0.229
  0.022 0.022 0.001 0.116 0.095 0.036 0.008 0.008 0.059 0.02  0.006 0.002
  0.002 0.071 0.024 0.015 0.055 0.187 0.033 0.093 0.073 0.046 0.01  0.072
  0.003 0.036 0.04  0.007 0.021 0.043 0.092 0.008 0.071 0.005 0.025 0.007
  0.035 0.06  0.024 0.025 0.029 0.039 0.005 0.049 0.006 0.087 0.03  0.011
  0.065 0.058 0.075 0.073 0.036 0.009 0.142 0.005 0.017 0.003 0.015 0.012
  0.011 0.076 0.056 0.01  0.425 0.024 0.01  0.007 0.101 0.026 0.054 0.016
  0.041 0.046 0.047 0.03  0.014 0.043 0.017 0.009 0.051 0.013 0.028 0.003
  0.016 0.025 0.022 0.004 0.019 0.192 0.002 0.056 0.008 0.023 0.154 0.03
  0.016 0.036 0.025 0.029 0.078 0.034 0.349 0.059 0.012 0.16  0.011 0.064
  0.009 0.014 0.028 0.039 0.002 0.003 0.001 0.02  0.001 0.021 0.007 0.02
  0.008 0.022 0.001 0.006 0.126 0.008 0.048 0.021 0.011 0.01  0.024 0.008
  0.023 0.017 0.01  0.007 0.006 0.027 0.066 0.004 0.003 0.004 0.018 0.022
  0.007 0.036 0.02  0.003 0.011 0.003 0.005 0.003 0.021 0.024 0.007 0.024
  0.006 0.028 0.024 0.013 0.014 0.011 0.007 0.001 0.003 0.004 0.017 0.008
  0.003 0.014 0.009 0.019 0.054 0.023 0.049 0.003 0.014 0.026 0.021 0.008
  0.034 0.005 0.029 0.014 0.006 0.026 0.001 0.016 0.003 0.043 0.013 0.001
  0.02  0.019 0.006 0.01  0.001 0.024 0.002 0.007 0.012 0.013 0.03  0.015
  0.005 0.068 0.003 0.045 0.133]
 [0.031 0.004 0.002 0.007 0.005 0.013 0.089 0.005 0.019 0.016 0.04  0.002
  0.074 0.004 0.091 0.002 0.005 0.006 0.002 0.012 0.034 0.005 0.001 0.014
  0.    0.001 0.006 0.001 0.001 0.067 0.023 0.007 0.006 0.004 0.008 0.005
  0.009 0.037 0.025 0.019 0.008 0.    0.045 0.001 0.095 0.007 0.009 0.005
  0.045 0.009 0.001 0.039 0.008 0.005 0.116 0.026 0.016 0.011 0.014 0.006
  0.002 0.032 0.008 0.05  0.005 0.002 0.09  0.009 0.055 0.005 0.022 0.014
  0.009 0.021 0.033 0.024 0.005 0.019 0.027 0.    0.005 0.007 0.085 0.002
  0.007 0.001 0.035 0.008 0.038 0.007 0.016 0.005 0.009 0.076 0.003 0.04
  0.094 0.032 0.011 0.02  0.772 0.789 0.592 0.73  0.65  0.391 0.47  0.561
  0.38  0.822 0.489 0.382 0.717 0.416 0.81  0.795 0.476 0.282 0.285 0.332
  0.771 0.684 0.797 0.606 0.774 0.675 0.876 0.034 0.593 0.819 0.353 0.792
  0.804 0.339 0.782 0.409 0.615 0.508 0.577 0.548 0.764 0.901 0.691 0.61
  0.757 0.857 0.645 0.646 0.698 0.833 0.779 0.014 0.442 0.778 0.515 0.504
  0.63  0.819 0.401 0.691 0.412 0.41  0.227 0.633 0.578 0.443 0.536 0.283
  0.241 0.419 0.333 0.124 0.396 0.874 0.848 0.183 0.301 0.875 0.48  0.248
  0.736 0.604 0.331 0.851 0.605 0.702 0.283 0.568 0.455 0.743 0.575 0.204
  0.643 0.258 0.634 0.791 0.6   0.753 0.866 0.584 0.007 0.007 0.002 0.01
  0.004 0.001 0.001 0.002 0.001 0.004 0.01  0.001 0.004 0.001 0.012 0.002
  0.002 0.003 0.069 0.005 0.012 0.002 0.001 0.001 0.001 0.002 0.009 0.
  0.006 0.001 0.001 0.004 0.002 0.008 0.086 0.034 0.002 0.005 0.008 0.001
  0.003 0.05  0.016 0.016 0.017 0.049 0.007 0.    0.011 0.012 0.004 0.001
  0.034 0.015 0.003 0.036 0.004 0.041 0.012 0.018 0.001 0.032 0.001 0.003
  0.035 0.009 0.001 0.001 0.043 0.014 0.    0.033 0.01  0.072 0.001 0.001
  0.001 0.014 0.002 0.002 0.002 0.007 0.021 0.007 0.001 0.006 0.019 0.011
  0.002 0.006 0.001 0.    0.024 0.001 0.014 0.013 0.077 0.008 0.027 0.022
  0.002 0.339 0.339 0.053 0.032 0.002 0.046 0.054 0.006 0.011 0.004 0.002
  0.001 0.027 0.089 0.006 0.131 0.104 0.092 0.034 0.003 0.025 0.034 0.022
  0.163 0.058 0.007 0.004 0.015 0.003 0.    0.033 0.003 0.023 0.086 0.02
  0.003 0.001 0.009 0.009 0.002 0.012 0.002 0.005 0.002 0.06  0.018 0.001
  0.016 0.047 0.002 0.004 0.003 0.023 0.001 0.007 0.085 0.002 0.006 0.021
  0.    0.12  0.001 0.    0.012 0.015 0.004 0.002 0.004 0.001 0.002 0.112
  0.007 0.049 0.014 0.011 0.032 0.013 0.001 0.004 0.004 0.009 0.012 0.001
  0.055 0.001 0.001 0.001 0.    0.003 0.003 0.016 0.    0.046 0.001 0.004
  0.001 0.001 0.001 0.001 0.028 0.111 0.109 0.018 0.052 0.128 0.145 0.043
  0.165 0.158 0.103 0.032 0.081 0.107 0.353 0.054 0.028 0.046 0.081 0.071
  0.009 0.089 0.003 0.103 0.091 0.008 0.017 0.057 0.055 0.13  0.062 0.008
  0.21  0.008 0.082 0.015 0.01  0.049 0.004 0.037 0.021 0.055 0.072 0.193
  0.078 0.02  0.083 0.104 0.011 0.066 0.012 0.078 0.016 0.066 0.023 0.155
  0.077 0.184 0.063 0.142 0.007 0.047 0.218 0.053 0.051 0.129 0.145 0.08
  0.034 0.101 0.01  0.106 0.144 0.019 0.089 0.044 0.044 0.158 0.048 0.013
  0.055 0.116 0.121 0.002 0.15  0.193 0.024 0.098 0.08  0.186 0.103 0.022
  0.111 0.025 0.232 0.245 0.173 0.03  0.119 0.175 0.014 0.106 0.029 0.021
  0.141 0.006 0.009 0.119 0.057 0.128 0.036 0.04  0.026 0.011 0.001 0.04
  0.007 0.009 0.02  0.024 0.039 0.004 0.016 0.064 0.005 0.027 0.009 0.038
  0.008 0.014 0.014 0.099 0.009 0.013 0.045 0.004 0.014 0.013 0.138 0.006
  0.012 0.117 0.011 0.02  0.074 0.009 0.291 0.037 0.012 0.005 0.016 0.019
  0.066 0.024 0.004 0.216 0.002 0.009 0.034 0.011 0.007 0.009 0.004 0.037
  0.006 0.01  0.017 0.049 0.18  0.046 0.051 0.085 0.03  0.006 0.022 0.052
  0.007 0.028 0.023 0.027 0.032 0.131 0.08  0.252 0.007 0.024 0.029 0.021
  0.015 0.008 0.027 0.02  0.019 0.021 0.015 0.018 0.048 0.006 0.01  0.043
  0.019 0.083 0.02  0.018 0.016 0.031 0.016 0.021 0.016 0.024 0.055 0.047
  0.045 0.016 0.034 0.016 0.023 0.004 0.012 0.012 0.003 0.011 0.038 0.117
  0.008 0.007 0.011 0.021 0.11  0.139 0.009 0.024 0.017 0.012 0.405 0.057
  0.012 0.023 0.01  0.019 0.13  0.035 0.023 0.008 0.085 0.023 0.037 0.014
  0.024 0.006 0.004 0.05  0.017 0.02  0.069 0.014 0.029 0.04  0.016 0.055
  0.025 0.067 0.066 0.014 0.047 0.007 0.036 0.027 0.043 0.014 0.008 0.019
  0.116 0.047 0.088 0.011 0.119 0.013 0.022 0.072 0.16  0.509 0.013 0.064
  0.024 0.024 0.006 0.011 0.1   0.048 0.094 0.051 0.113 0.017 0.007 0.034
  0.195 0.019 0.036 0.101 0.045 0.15  0.031 0.114 0.02  0.074 0.025 0.01
  0.081 0.272 0.007 0.038 0.019 0.01  0.015 0.016 0.044 0.013 0.096 0.027
  0.008 0.124 0.007 0.025 0.009 0.11  0.007 0.151 0.006 0.096 0.025 0.01
  0.011 0.048 0.07  0.008 0.007 0.003 0.009 0.013 0.389 0.033 0.108 0.298
  0.004 0.038 0.262 0.01  0.014 0.013 0.008 0.013 0.079 0.057 0.104 0.071
  0.127 0.135 0.023 0.224 0.053 0.04  0.015 0.046 0.052 0.068 0.1   0.025
  0.078 0.068 0.041 0.024 0.022 0.037 0.014 0.069 0.14  0.031 0.028 0.015
  0.035 0.044 0.07  0.011 0.33  0.007 0.009 0.063 0.061 0.04  0.018 0.114
  0.065 0.228 0.091 0.116 0.107 0.114 0.043 0.069 0.009 0.056 0.138 0.061
  0.187 0.078 0.041 0.066 0.035 0.059 0.032 0.082 0.027 0.059 0.109 0.03
  0.13  0.022 0.01  0.061 0.051 0.013 0.018 0.214 0.12  0.19  0.152 0.166
  0.04  0.205 0.252 0.212 0.014 0.208 0.238 0.027 0.124 0.174 0.146 0.185
  0.023 0.144 0.027 0.074 0.042 0.123 0.145 0.102 0.08  0.136 0.102 0.091
  0.117 0.044 0.063 0.124 0.094 0.074 0.087 0.131 0.123 0.077 0.128 0.112
  0.022 0.071 0.162 0.047 0.072 0.131 0.032 0.174 0.02  0.104 0.096 0.241
  0.15  0.116 0.167 0.127 0.092 0.021 0.223 0.043 0.136 0.034 0.02  0.089
  0.038 0.019 0.03  0.041 0.023 0.043 0.186 0.015 0.123 0.017 0.071 0.015
  0.007 0.007 0.015 0.032 0.016 0.04  0.023 0.061 0.069 0.041 0.028 0.028
  0.042 0.002 0.108 0.337 0.078 0.042 0.003 0.056 0.041 0.026 0.047 0.027
  0.04  0.005 0.118 0.116 0.08  0.072 0.081 0.021 0.028 0.131 0.013 0.152
  0.003 0.015 0.022 0.004 0.055 0.013 0.03  0.068 0.023 0.055 0.153 0.015
  0.047 0.02  0.003 0.037 0.074 0.058 0.101 0.076 0.009 0.049 0.069 0.006
  0.017 0.034 0.082 0.037 0.016 0.15  0.171 0.226 0.004 0.076 0.011 0.022
  0.027 0.008 0.006 0.011 0.002 0.008 0.035 0.012 0.001 0.014 0.091 0.188
  0.03  0.043 0.126 0.018 0.233 0.001 0.078 0.015 0.011 0.021 0.065 0.066
  0.062 0.015 0.021 0.01  0.043]
 [0.473 0.912 0.869 0.864 0.651 0.641 0.164 0.806 0.792 0.799 0.639 0.835
  0.167 0.729 0.445 0.944 0.879 0.345 0.803 0.571 0.557 0.915 0.852 0.863
  0.852 0.272 0.589 0.949 0.944 0.57  0.704 0.742 0.382 0.57  0.872 0.88
  0.877 0.775 0.74  0.808 0.586 0.957 0.742 0.926 0.292 0.844 0.727 0.853
  0.562 0.76  0.852 0.12  0.748 0.852 0.282 0.709 0.691 0.602 0.738 0.448
  0.854 0.574 0.892 0.478 0.796 0.921 0.405 0.824 0.54  0.784 0.683 0.461
  0.838 0.814 0.344 0.715 0.904 0.803 0.659 0.96  0.901 0.682 0.291 0.889
  0.779 0.104 0.503 0.899 0.563 0.565 0.832 0.799 0.257 0.516 0.871 0.649
  0.126 0.668 0.861 0.734 0.004 0.005 0.056 0.006 0.027 0.013 0.004 0.038
  0.003 0.004 0.089 0.028 0.076 0.026 0.021 0.015 0.003 0.345 0.19  0.032
  0.023 0.04  0.025 0.135 0.004 0.009 0.001 0.019 0.021 0.007 0.055 0.035
  0.028 0.008 0.005 0.147 0.014 0.001 0.04  0.11  0.006 0.003 0.008 0.048
  0.026 0.026 0.002 0.019 0.019 0.006 0.007 0.012 0.03  0.015 0.013 0.013
  0.014 0.001 0.004 0.045 0.02  0.05  0.04  0.006 0.02  0.006 0.039 0.012
  0.005 0.032 0.045 0.028 0.031 0.012 0.005 0.035 0.052 0.017 0.005 0.009
  0.006 0.187 0.01  0.006 0.063 0.002 0.011 0.006 0.054 0.003 0.016 0.016
  0.042 0.008 0.009 0.065 0.    0.046 0.01  0.051 0.031 0.007 0.193 0.018
  0.002 0.003 0.01  0.074 0.001 0.018 0.004 0.004 0.027 0.001 0.002 0.033
  0.002 0.004 0.065 0.096 0.341 0.002 0.018 0.002 0.006 0.43  0.011 0.024
  0.004 0.003 0.001 0.016 0.113 0.029 0.022 0.024 0.006 0.012 0.462 0.026
  0.026 0.005 0.001 0.009 0.005 0.006 0.014 0.004 0.004 0.004 0.005 0.014
  0.025 0.023 0.001 0.074 0.05  0.003 0.004 0.365 0.002 0.021 0.021 0.005
  0.003 0.013 0.292 0.16  0.026 0.017 0.025 0.005 0.02  0.005 0.029 0.055
  0.009 0.096 0.001 0.125 0.464 0.07  0.012 0.272 0.251 0.021 0.076 0.005
  0.034 0.003 0.088 0.024 0.046 0.121 0.005 0.001 0.021 0.002 0.001 0.011
  0.    0.043 0.015 0.043 0.003 0.    0.04  0.055 0.    0.004 0.001 0.001
  0.001 0.051 0.013 0.021 0.056 0.009 0.037 0.025 0.002 0.16  0.013 0.022
  0.004 0.006 0.005 0.015 0.    0.003 0.001 0.008 0.012 0.003 0.007 0.002
  0.004 0.001 0.006 0.005 0.041 0.002 0.006 0.021 0.009 0.006 0.015 0.014
  0.004 0.002 0.003 0.    0.002 0.004 0.002 0.001 0.008 0.001 0.007 0.011
  0.    0.004 0.002 0.    0.003 0.    0.035 0.003 0.001 0.001 0.002 0.014
  0.003 0.002 0.002 0.003 0.009 0.005 0.    0.002 0.004 0.005 0.    0.001
  0.014 0.005 0.    0.01  0.001 0.011 0.005 0.01  0.007 0.014 0.011 0.065
  0.012 0.006 0.004 0.004 0.258 0.046 0.058 0.284 0.045 0.051 0.034 0.053
  0.03  0.017 0.083 0.076 0.095 0.119 0.059 0.061 0.226 0.02  0.032 0.034
  0.207 0.043 0.43  0.042 0.037 0.817 0.621 0.045 0.03  0.012 0.382 0.509
  0.005 0.218 0.088 0.334 0.102 0.019 0.107 0.041 0.025 0.09  0.162 0.053
  0.091 0.215 0.048 0.04  0.146 0.061 0.772 0.087 0.415 0.061 0.178 0.042
  0.095 0.059 0.012 0.049 0.283 0.007 0.018 0.111 0.079 0.027 0.023 0.026
  0.186 0.086 0.165 0.044 0.292 0.4   0.208 0.093 0.038 0.06  0.272 0.275
  0.209 0.048 0.075 0.391 0.01  0.028 0.09  0.08  0.146 0.013 0.046 0.012
  0.184 0.052 0.033 0.077 0.031 0.008 0.026 0.015 0.05  0.063 0.097 0.258
  0.097 0.05  0.    0.112 0.022 0.189 0.072 0.117 0.11  0.502 0.009 0.104
  0.003 0.049 0.222 0.052 0.016 0.02  0.002 0.012 0.008 0.056 0.011 0.175
  0.103 0.101 0.152 0.047 0.186 0.073 0.001 0.122 0.22  0.049 0.019 0.005
  0.042 0.022 0.173 0.002 0.014 0.12  0.062 0.004 0.009 0.    0.314 0.005
  0.01  0.009 0.002 0.097 0.156 0.001 0.006 0.015 0.006 0.014 0.001 0.002
  0.012 0.002 0.005 0.081 0.025 0.002 0.017 0.015 0.055 0.001 0.031 0.003
  0.001 0.058 0.03  0.08  0.186 0.031 0.112 0.01  0.098 0.023 0.037 0.023
  0.    0.018 0.007 0.027 0.019 0.018 0.017 0.028 0.018 0.196 0.568 0.04
  0.001 0.003 0.001 0.011 0.054 0.002 0.005 0.003 0.004 0.078 0.001 0.052
  0.01  0.008 0.017 0.007 0.07  0.001 0.003 0.    0.026 0.001 0.163 0.123
  0.013 0.005 0.001 0.086 0.001 0.008 0.001 0.017 0.104 0.004 0.004 0.014
  0.005 0.082 0.001 0.002 0.005 0.014 0.005 0.051 0.03  0.005 0.012 0.06
  0.055 0.058 0.024 0.043 0.108 0.021 0.088 0.027 0.013 0.006 0.005 0.003
  0.003 0.056 0.008 0.018 0.002 0.006 0.046 0.002 0.01  0.004 0.004 0.283
  0.018 0.001 0.001 0.041 0.01  0.368 0.243 0.049 0.448 0.093 0.077 0.429
  0.006 0.215 0.024 0.003 0.586 0.061 0.006 0.001 0.001 0.005 0.003 0.029
  0.023 0.024 0.001 0.058 0.003 0.058 0.001 0.002 0.001 0.    0.    0.
  0.    0.129 0.    0.008 0.    0.003 0.    0.    0.    0.    0.007 0.
  0.001 0.002 0.    0.002 0.    0.001 0.    0.001 0.    0.    0.    0.
  0.    0.001 0.001 0.    0.    0.    0.    0.    0.002 0.    0.01  0.005
  0.    0.006 0.002 0.155 0.    0.    0.    0.    0.    0.    0.    0.
  0.001 0.    0.    0.005 0.    0.    0.    0.002 0.    0.    0.    0.
  0.001 0.    0.009 0.    0.    0.002 0.    0.004 0.001 0.012 0.    0.
  0.    0.    0.    0.    0.001 0.    0.    0.001 0.    0.    0.001 0.003
  0.    0.064 0.    0.005 0.011 0.001 0.001 0.003 0.063 0.006 0.041 0.144
  0.006 0.01  0.04  0.071 0.019 0.005 0.013 0.011 0.134 0.009 0.041 0.017
  0.062 0.056 0.117 0.077 0.036 0.029 0.02  0.005 0.004 0.008 0.004 0.003
  0.05  0.002 0.006 0.003 0.082 0.003 0.009 0.012 0.09  0.003 0.003 0.004
  0.085 0.002 0.022 0.004 0.007 0.011 0.002 0.099 0.003 0.06  0.005 0.004
  0.003 0.003 0.004 0.006 0.001 0.003 0.037 0.003 0.003 0.003 0.011 0.006
  0.026 0.002 0.042 0.008 0.016 0.017 0.142 0.033 0.034 0.011 0.005 0.033
  0.039 0.013 0.025 0.027 0.006 0.02  0.014 0.024 0.024 0.03  0.036 0.005
  0.15  0.027 0.114 0.011 0.02  0.019 0.068 0.032 0.042 0.092 0.03  0.038
  0.428 0.544 0.268 0.181 0.272 0.165 0.177 0.055 0.065 0.008 0.218 0.145
  0.441 0.758 0.142 0.115 0.381 0.111 0.159 0.138 0.199 0.175 0.091 0.207
  0.02  0.569 0.003 0.047 0.067 0.058 0.069 0.15  0.099 0.063 0.293 0.068
  0.386 0.394 0.3   0.642 0.105 0.326 0.199 0.039 0.313 0.144 0.167 0.25
  0.135 0.142 0.558 0.185 0.086 0.148 0.041 0.022 0.392 0.15  0.083 0.449
  0.35  0.186 0.025 0.175 0.205 0.284 0.096 0.027 0.421 0.009 0.371 0.231
  0.182 0.077 0.399 0.183 0.682 0.372 0.12  0.175 0.338 0.29  0.038 0.034
  0.164 0.083 0.018 0.278 0.048 0.618 0.07  0.308 0.006 0.113 0.066 0.008
  0.082 0.006 0.219 0.105 0.112]]
[0.   0.3  0.   0.05 0.33 0.   0.02 0.13 0.04 0.11]
