W avgs
-1.835706470208729e-05
0.03257316845068106
c: 9999 (784, 10000)
------Prediction(6)-------
shapes (10, 10001) 10000 10
[0.   0.   0.   0.   0.   0.96 0.   0.   0.04 0.  ]
[0.02 0.   0.01 0.   0.   0.04 0.93 0.   0.   0.  ]
Y (10, 10000)
[0. 0. 0. 0. 0. 1. 0. 0. 0. 0.]
[0. 0. 1. 0. 0. 0. 0. 0. 0. 0.]
W
-0.0853138849903123 0.12133509990678819
-0.5296457506240275 0.5942194556971785
W avgs
0.002683945480917394
0.03257316845068097
b
-0.001470171667641649 0.0007033122373715153
-0.0029661361480862384 0.0035543393743890706
------Prediction(4)-------
shapes (10, 10002) 10000 10
[0.   0.   0.   0.   0.   0.96 0.   0.   0.04 0.  ]
[0. 0. 0. 0. 1. 0. 0. 0. 0. 0.]
Y (10, 10000)
[0. 0. 0. 0. 0. 1. 0. 0. 0. 0.]
[0. 0. 1. 0. 0. 0. 0. 0. 0. 0.]
W
-0.0853138849903123 0.12133509990678819
-0.5296457506240275 0.5942194556971785
W avgs
0.002683945480917394
0.03257316845068097
b
-0.001470171667641649 0.0007033122373715153
-0.0029661361480862384 0.0035543393743890706
------Prediction(5)-------
shapes (10, 10003) 10000 10
[0.   0.   0.   0.   0.   0.96 0.   0.   0.04 0.  ]
[0.   0.   0.02 0.01 0.   0.81 0.   0.   0.16 0.  ]
Y (10, 10000)
[0. 0. 0. 0. 0. 1. 0. 0. 0. 0.]
[0. 0. 1. 0. 0. 0. 0. 0. 0. 0.]
W
-0.0853138849903123 0.12133509990678819
-0.5296457506240275 0.5942194556971785
W avgs
0.002683945480917394
0.03257316845068097
b
-0.001470171667641649 0.0007033122373715153
-0.0029661361480862384 0.0035543393743890706
------Prediction(4)-------
shapes (10, 10004) 10000 10
[0.   0.   0.   0.   0.   0.96 0.   0.   0.04 0.  ]
[0. 0. 0. 0. 1. 0. 0. 0. 0. 0.]
Y (10, 10000)
[0. 0. 0. 0. 0. 1. 0. 0. 0. 0.]
[0. 0. 1. 0. 0. 0. 0. 0. 0. 0.]
W
-0.0853138849903123 0.12133509990678819
-0.5296457506240275 0.5942194556971785
W avgs
0.002683945480917394
0.03257316845068097
b
-0.001470171667641649 0.0007033122373715153
-0.0029661361480862384 0.0035543393743890706
------Prediction(0)-------
shapes (10, 10005) 10000 10
[0.   0.   0.   0.   0.   0.96 0.   0.   0.04 0.  ]
[0.98 0.   0.   0.01 0.   0.01 0.   0.   0.   0.  ]
Y (10, 10000)
[0. 0. 0. 0. 0. 1. 0. 0. 0. 0.]
[0. 0. 1. 0. 0. 0. 0. 0. 0. 0.]
W
-0.0853138849903123 0.12133509990678819
-0.5296457506240275 0.5942194556971785
W avgs
0.002683945480917394
0.03257316845068097
b
-0.001470171667641649 0.0007033122373715153
-0.0029661361480862384 0.0035543393743890706
------Prediction(8)-------
shapes (10, 10006) 10000 10
[0.   0.   0.   0.   0.   0.96 0.   0.   0.04 0.  ]
[0.   0.   0.01 0.   0.   0.1  0.   0.   0.89 0.  ]
Y (10, 10000)
[0. 0. 0. 0. 0. 1. 0. 0. 0. 0.]
[0. 0. 1. 0. 0. 0. 0. 0. 0. 0.]
W
-0.0853138849903123 0.12133509990678819
-0.5296457506240275 0.5942194556971785
W avgs
0.002683945480917394
0.03257316845068097
b
-0.001470171667641649 0.0007033122373715153
-0.0029661361480862384 0.0035543393743890706
------Prediction(8)-------
shapes (10, 10007) 10000 10
[0.   0.   0.   0.   0.   0.96 0.   0.   0.04 0.  ]
[0.   0.   0.   0.   0.   0.02 0.   0.   0.98 0.  ]
Y (10, 10000)
[0. 0. 0. 0. 0. 1. 0. 0. 0. 0.]
[0. 0. 1. 0. 0. 0. 0. 0. 0. 0.]
W
-0.0853138849903123 0.12133509990678819
-0.5296457506240275 0.5942194556971785
W avgs
0.002683945480917394
0.03257316845068097
b
-0.001470171667641649 0.0007033122373715153
-0.0029661361480862384 0.0035543393743890706
------Prediction(6)-------
shapes (10, 10008) 10000 10
[0.   0.   0.   0.   0.   0.96 0.   0.   0.04 0.  ]
[0. 0. 0. 0. 0. 0. 1. 0. 0. 0.]
Y (10, 10000)
[0. 0. 0. 0. 0. 1. 0. 0. 0. 0.]
[0. 0. 1. 0. 0. 0. 0. 0. 0. 0.]
W
-0.0853138849903123 0.12133509990678819
-0.5296457506240275 0.5942194556971785
W avgs
0.002683945480917394
0.03257316845068097
b
-0.001470171667641649 0.0007033122373715153
-0.0029661361480862384 0.0035543393743890706
------Prediction(4)-------
shapes (10, 10009) 10000 10
[0.   0.   0.   0.   0.   0.96 0.   0.   0.04 0.  ]
[0.   0.   0.   0.   0.97 0.   0.   0.   0.01 0.02]
Y (10, 10000)
[0. 0. 0. 0. 0. 1. 0. 0. 0. 0.]
[0. 0. 1. 0. 0. 0. 0. 0. 0. 0.]
W
-0.0853138849903123 0.12133509990678819
-0.5296457506240275 0.5942194556971785
W avgs
0.002683945480917394
0.03257316845068097
b
-0.001470171667641649 0.0007033122373715153
-0.0029661361480862384 0.0035543393743890706
------Prediction(4)-------
shapes (10, 10010) 10000 10
[0.   0.   0.   0.   0.   0.96 0.   0.   0.04 0.  ]
[0.   0.   0.   0.   0.07 0.   0.   0.02 0.01 0.9 ]
Y (10, 10000)
[0. 0. 0. 0. 0. 1. 0. 0. 0. 0.]
[0. 0. 1. 0. 0. 0. 0. 0. 0. 0.]
W
-0.0853138849903123 0.12133509990678819
-0.5296457506240275 0.5942194556971785
W avgs
0.002683945480917394
0.03257316845068097
b
-0.001470171667641649 0.0007033122373715153
-0.0029661361480862384 0.0035543393743890706
